-40.4436953753417
-40.4419957510101
-40.4407294104514
-40.4381744832092
-40.4410174382655
-40.4403382768661
-40.4419865229281
-40.4404147829307
-40.4406195405866
-40.439855695266
-40.4344446835239
-40.437930266486
-40.4383730149838
-40.4409491184238
-40.4399450951199
-40.4412533822833
-40.4373380625919
-40.436773115614
-40.4352099118064
-40.4380144628533
-40.4371563230903
-40.4364589081136
-40.4409443628482
-40.439034372965
-40.4419292439517
-40.4385111003461
-40.4410302288639
-40.4388373415164
-40.4385718262968
-40.4402529219495
-40.4353801060817
-40.43873892712
-40.4386802789297
-40.4400126380275
-40.4396635194447
-40.4405296344016
-40.4398222842784
-40.4401444786311
-40.4382411467425
-40.4374746561751
-40.4383576314543
-40.4355281892039
-40.4360357685388
-40.4344716946089
-40.4385426523247
-40.4378094887097
-40.4394043623893
-40.4388172573238
-40.4391582377231
-40.4415663204905
-40.4386589893618
-40.4368639564348
-40.4405545240545
-40.4405866995697
-40.4370217564315
-40.4391819256078
-40.4376717978135
-40.4380124354416
-40.4411103458772
-40.4392582182928
-40.4418095186403
-40.4403157941467
-40.4418394625651
-40.4399982670865
-40.438339059953
-40.4413190960639
-40.4379856484717
-40.4374071345004
-40.4410300322466
-40.4411635381141
-40.4415466231252
-40.4364715820196
-40.4385961293465
-40.4386355031137
-40.4404879462436
-40.4382926770288
-40.437006646398
-40.4371156150254
-40.4386484491288
-40.438000271974
-40.4391026493772
-40.4376976958125
-40.4392776585693
-40.438956203273
-40.4423475475602
-40.4405163284715
-40.4411714043176
-40.440778127131
-40.4378276736721
-40.4348023385056
-40.4340678128937
-40.4379080644538
-40.4331772273139
-40.4372798357952
-40.4370137434186
-40.4361134071946
-40.4388350197253
-40.4401591714989
-40.4397056178993
-40.4412799894507
-40.4379228731345
-79.6984145631545
-79.6841023629066
-79.686142703639
-79.688465607979
-79.6877970982479
-79.6887688069663
-79.6855847560231
-79.6934214039046
-79.6918740780957
-79.6900431703542
-79.6904706297924
-79.6880183450325
-79.6880166004109
-79.6888830177125
-79.6952130519832
-79.690998314545
-79.6917286506576
-79.6938228969089
-79.6902020551085
-79.6913007975193
-79.6877694024162
-79.6944930964785
-79.692608345082
-79.6903064537781
-79.6889394552872
-79.6878805082414
-79.6927548157002
-79.6920254250584
-79.6903604692864
-79.6917094349147
-79.6929844750999
-79.6908608056148
-79.6914792262613
-79.6928989718342
-79.6827788671339
-79.6885097453904
-79.6936455975785
-79.6920667485547
-79.6937424767552
-79.6885196817593
-79.6868561145108
-79.6914961483231
-79.6848380417077
-79.6873652385515
-79.686374565853
-79.6879776799113
-79.6845904523494
-79.6875254793929
-79.6929995999688
-79.6922559909863
-79.6918281278112
-79.6925998141252
-79.6926053280194
-79.6905011063086
-79.6939719825275
-79.6922392313847
-79.6873264854877
-79.6932460467216
-79.6930372977763
-79.6886786252838
-79.6866508334547
-79.6897327503647
-79.6925224304413
-79.6944488508978
-79.690642912566
-79.6835555575802
-79.6847478771149
-79.6856363629475
-79.6868898453716
-79.691430019302
-79.6877708488606
-79.6856508595456
-79.6911345656244
-79.6874176136882
-79.6916751958078
-79.6917768533542
-79.6911621565982
-79.6873465221241
-79.687290682175
-79.6857078309875
-79.6857342948872
-79.68518158327
-79.693330553211
-79.6908813462653
-79.6790775703397
-79.6893177614222
-79.6883651349256
-79.6881229495853
-79.6879775829743
-79.6911345985146
-79.6931457891249
-79.6860291725585
-79.6920777569691
-79.6875422869421
-79.6911362446941
-79.6933534387611
-79.6887307750321
-79.6883665751506
-79.6876564857557
-79.6894404055407
-79.6909388011855
-79.691124825622
-79.688023997722
-79.6949422955178
-79.6895728926063
-79.695437493885
-79.6916086352853
-79.6846605989069
-79.691472134338
-79.6907239442014
-79.6928334979096
-79.690163644259
-79.6903417997843
-79.6806546147112
-79.6913095653312
-79.6865595045026
-79.6892308446844
-79.6912657370176
-79.6848633495923
-79.6887229382154
-79.6904165697263
-79.6939625667306
-79.6921781356526
-79.683832637394
-79.6903128763273
-79.6908717032882
-79.6868156119732
-79.687756768197
-79.6869833257793
-79.6914683470637
-79.6863149904994
-79.6887595219052
-79.6883292648777
-79.6852418261198
-79.6900120770206
-79.6915987492826
-79.6940883156274
-79.6870497694798
-79.6864766988542
-79.6909293663449
-79.6852574529544
-79.6883327336082
-79.6841623679958
-79.6894211115609
-79.6905715933119
-79.6880690039621
-79.6890621647039
-79.6864732641985
-79.6890427154133
-79.6867730850277
-79.6848521633218
-79.689099381026
-79.6876758080915
-79.6861827489127
-79.6789981971968
-79.6873883526804
-79.6892176355999
-79.688009914495
-79.6900572644916
-79.6879245952556
-79.6918945372576
-79.6946331596172
-79.6893040749163
-79.6927540226085
-79.6895175664109
-79.6923256334163
-79.6914625432478
-79.6914155390792
-79.6943384818403
-79.690536198944
-79.690750334824
-79.6854396568865
-79.6874352654991
-79.6880475818124
-79.6927773170666
-79.6776628395904
-79.6870962736503
-79.6853473980602
-79.6900527890061
-79.6894540943717
-79.6880589346737
-79.687592174218
-79.6833523554313
-79.6901622054631
-79.6911978038414
-79.6884229604085
-79.6839015431211
-79.6875730983523
-79.6841374574052
-79.6919320745084
-79.6883985193386
-79.6894211104646
-79.6886828302639
-79.6928734221279
-79.6907649217555
-79.6875660542203
-79.6914623442291
-79.6936778164463
-79.6936378095174
-79.6919508528374
-79.6890565932594
-79.69117908355
-79.6885487858359
-79.6912907495
-79.686612422557
-79.6879532401498
-79.6880088377172
-79.6930854602543
-79.6909355942039
-79.6901384797615
-79.6931624624022
-79.687326821469
-79.690525640034
-79.6850802815121
-79.6895713617755
-79.6883854766446
-79.6901460651722
-79.689230006607
-79.6875816126898
-79.6892391123366
-79.6902859918858
-79.6902744836288
-79.6903172388225
-79.6932840621538
-79.6952015032619
-79.6924154191984
-79.6933183230235
-79.6907701640881
-79.6948282681157
-79.6875504117965
-79.6903098757358
-79.692987473669
-79.6878248293938
-79.6951037013669
-79.690701274
-79.6919091092114
-79.6878576114385
-79.6922651764991
-79.6888245411405
-79.6840957356473
-79.6926518339562
-79.6948396457361
-79.6947372140437
-79.6884541445356
-79.6915386969917
-79.6913063519528
-79.6902726685701
-79.6869576453358
-79.6914501649868
-79.6912063261868
-79.6906199964718
-79.684631876394
-79.6898320715579
-79.6938283449964
-79.6898571696213
-79.6933592225258
-79.6920717524587
-79.6935884433091
-79.6911323694731
-79.6909253066371
-79.6827404431688
-79.6880327479823
-79.6917544681278
-79.6909844440302
-79.6938141825686
-79.6930984285352
-79.6883099905977
-79.6826193992609
-79.6854787679199
-79.6836661217393
-79.6913259423217
-79.6875747579627
-79.6855811947686
-79.6898478985159
-79.6921462094616
-79.6893788279775
-79.6896318933171
-79.6915608758976
-79.6890538083394
-79.6863237698429
-79.6891115708503
-79.694259447341
-79.6928814043615
-79.6937274773584
-79.6921579268062
-79.6885676945295
-79.6876081507457
-79.6854587263125
-79.6807868901187
-79.6786409550357
-79.6840892347336
-79.685782121404
-79.6806170828588
-79.6866473434126
-79.685704622063
-79.6930944035325
-79.6898062690015
-79.6930776986425
-79.6896497856926
-79.6844559311712
-79.692828345051
-79.688621039368
-79.692358535403
-79.6864935718233
-79.6926254308465
-79.6942500652486
-79.6874070121167
-79.6881237556267
-79.6905150088883
-79.6868894701085
-79.6890810235098
-79.6905135693603
-79.6863800777333
-79.6882934768503
-79.6913595917309
-79.6882357986609
-79.6911515932086
-79.6901890272983
-79.6935164249135
-79.6927825036418
-79.6905999256937
-79.6918182801579
-79.6918477853064
-79.6796971142607
-79.6920266882451
-79.6864109943768
-79.6925053951824
-79.6907298252403
-79.6916539407196
-79.6918872042337
-79.6926199274734
-79.6903780286999
-79.6923153514379
-79.6915297523199
-79.6901392042012
-79.6849424265002
-79.6903843001715
-79.6939993085883
-79.6909021441071
-79.6859684345676
-79.6896811939601
-79.6929158169067
-79.6899250333776
-79.6908131651242
-79.6914292541455
-79.6910550508839
-79.6935337907606
-79.6907351217325
-79.6912944677155
-79.6892305294328
-79.689273054127
-79.6841112124832
-79.684378520285
-79.6884143010618
-79.6945050503413
-79.6936085066764
-79.6923004749458
-79.6909461927784
-79.6941230469664
-79.6936190244352
-79.6819242284337
-79.6846126196614
-79.6877388580515
-79.6936576289827
-79.6914257609099
-79.6940733010644
-79.6914223724157
-79.6860775676079
-79.689152113303
-79.6859779669626
-79.6872690465189
-79.6850616115241
-79.6865738652615
-79.6821243867804
-79.6914483596853
-79.6913753864151
-79.6889929907138
-79.6931510554032
-79.6916176360538
-79.6915239390355
-79.687760102639
-79.689883241092
-79.6921013316853
-79.6937060115762
-79.6936855410681
-79.69361108563
-79.6930215304239
-79.6933705840266
-79.6886195654382
-79.689909863795
-79.6904241625495
-79.6862186777247
-79.6916645252269
-79.6894020748141
-79.6862241364981
-79.6863608714241
-79.6892690840236
-79.6916226584405
-79.6924198848744
-79.6913495330204
-79.6940500239977
-79.6938362842903
-79.6934122964866
-79.6947130683024
-79.691114601117
-79.6884955749429
-79.6851843297107
-79.6913470765354
-79.693456016566
-79.6914687650216
-79.6915575825382
-79.6904026936604
-79.6884447417376
-79.6907736294177
-79.6859778225127
-79.6931066140807
-79.6937771392767
-79.6893005458287
-79.6939602555433
-79.6915043813107
-79.6850347331851
-79.6894796668099
-79.6907141878096
-79.6797909673711
-79.6840554581994
-79.6852101043239
-79.6919901315427
-79.6887380420963
-79.6914594437244
-79.6896092715426
-79.6910234172163
-79.6908665597215
-79.6819423246688
-79.6837307045482
-79.6892622321246
-79.6835185356701
-79.6887021893111
-79.6848135089109
-79.6868427773526
-79.6839003295329
-79.6802507341959
-79.6859597537392
-79.6918722910734
-79.6890598918749
-79.692234046242
-79.6924157415377
-79.6907586633941
-79.6933413241763
-79.6938597368305
-79.6919008337313
-79.689184863158
-79.6836317106852
-79.681911082965
-79.6876067635801
-79.6919884616643
-79.6848743050381
-79.6937278085091
-79.6952561636311
-79.6899801015703
-79.6954413489922
-79.6905513076109
-79.6875889730089
-79.6871181611661
-79.6902212258817
-79.6837314316352
-79.681211542571
-79.6904989216264
-79.6855619620192
-79.690197553485
-79.690016269821
-79.6881031267903
-79.6890961316802
-79.6887551872002
-79.6913486969101
-79.6903861108379
-79.6898553714323
-79.6918373281487
-79.690108402871
-79.6872674862479
-79.6935007220325
-79.6863025046819
-79.6910462406222
-79.6884075365033
-79.6931636278399
-79.6915919336954
-79.6859216874161
-79.690732585472
-79.682964536315
-79.687058207481
-79.6918584818849
-79.6827719475096
-79.6822706577755
-79.6775625718634
-79.6855993116492
-79.6866524886811
-79.6911145606213
-79.6883045464607
-79.6892566715599
-79.6855118800617
-79.683759466079
-79.6846655122533
-79.6830808966931
-79.6914734714861
-79.6897241902575
-79.6891107834343
-79.690686116974
-79.6872128621891
-79.6921738387233
-79.688242438937
-79.6895320678044
-79.6855910161889
-79.6830813450617
-79.6898635026981
-79.6850342343198
-79.6863191175581
-79.6891113849027
-79.6880717250718
-79.6926905975199
-79.6863081725169
-79.6923574796173
-79.6937598311494
-79.6892250427257
-79.6913128164429
-79.6872053812947
-79.6829064843593
-79.6882299944225
-79.6930436093381
-79.6865675296963
-79.6882977438482
-79.6902897973638
-79.6882188962682
-79.6914821993261
-79.6884658289144
-79.6922331948155
-79.6926807837979
-79.6837473012821
-79.6906112319572
-79.6881623631947
-79.6890603655153
-79.6882660430552
-79.6861836704505
-79.6896224086474
-79.6874595338211
-79.6846837856414
-79.6812507645939
-79.6934498480276
-79.6934826931534
-79.6941102669036
-79.6922287539087
-79.6890629246153
-79.6948361779043
-79.6882927376466
-79.6896544820608
-79.6934432141617
-79.685653022606
-79.6872796102839
-79.6856748384218
-79.6795799056612
-79.6887015235709
-79.6872942358169
-79.6888951186711
-79.6874743628032
-79.6907967794375
-79.6863381640464
-79.6943500665331
-79.6905606381793
-79.6934957337061
-79.6831394824891
-79.6905727974257
-79.6866055782818
-79.6910888095761
-79.6895875312175
-79.6861855308249
-79.6890938241504
-79.6849454347853
-79.6861688600743
-79.6920564698255
-79.6921472388829
-79.6888132469844
-79.6869500805415
-79.694630981937
-79.6891226032702
-79.6890902172936
-79.6891255828334
-79.6920778818453
-79.6841032353724
-79.6898878745752
-79.6857741942427
-79.6901969598607
-79.6868320558652
-79.686517303785
-79.6891481856314
-79.688320592865
-79.6919497428802
-79.6900392678268
-79.6901712730105
-79.6902899157586
-79.6918636144589
-79.6824154914327
-79.6934749835954
-79.6924937688775
-79.6894341962257
-79.6939063124302
-79.6896800815695
-79.6930075150299
-79.6882937132159
-79.6937727664637
-79.6854375165199
-79.6861901404292
-79.6883557205854
-79.6909822014797
-79.6879142264523
-79.6943912557939
-79.6908638312911
-79.692186803379
-79.6844971798932
-79.6935227071525
-79.6929563660406
-79.6908156863185
-79.6932795654839
-79.689508904135
-79.6930068296982
-79.6940259939529
-79.6928106969822
-79.6929946797743
-79.6872019157244
-79.6917609602787
-79.6862143978299
-79.690467000719
-79.6944147738785
-79.6945162147617
-79.689003366036
-79.6854366514416
-79.6877434037018
-79.6889093916454
-79.6912417892766
-79.6928250098432
-79.6887924552323
-79.6920407645901
-79.6891834057739
-79.6901374007417
-79.6866541255543
-79.6928907345635
-79.6909945470499
-79.6874045491476
-79.6843597496962
-79.6899873796548
-79.6949907134931
-79.6897315461371
-79.6874998810067
-79.6903112645072
-79.6913512179487
-79.686083167883
-79.6926402818471
-79.6902442464228
-79.6879958530957
-79.6853099987757
-79.6895889292991
-79.6865171172783
-79.6894177947972
-79.6914767499661
-79.6865631473733
-79.6876526188643
-79.6867477737623
-79.6921328363762
-79.6887211458668
-79.6924195664187
-79.6909216210657
-79.6860362563452
-79.6931942515108
-79.6908526199902
-79.6897397182724
-79.6893187066594
-79.6919400099062
-79.6950188828248
-79.6933237828348
-79.6834160934014
-79.6909113544668
-79.6896661231133
-79.6866476920358
-79.6897326028771
-79.6885476535412
-79.6915643495089
-79.6888394040522
-79.6872879861827
-79.6881811353526
-79.6909722927068
-79.6913738774
-79.6942696298468
-79.6933216234312
-79.691348256064
-79.6876667458009
-79.6924510308243
-79.693008195999
-79.6925350681459
-79.6931454363808
-79.6913683520308
-79.6901052407028
-79.6920402683761
-79.6880107040395
-79.6841219316313
-79.6914942341347
-79.6869172423175
-79.6883752167408
-79.6866608957699
-79.6874264933349
-79.6913481743854
-79.6893592709647
-79.683944659351
-79.6839486778277
-79.6927257799298
-79.692959798126
-79.6904467993252
-79.6867907855411
-79.6945600922597
-79.687884518978
-79.6914484541683
-79.6905644106158
-79.6900666330758
-79.6817545090238
-79.6882878740123
-79.6890208374269
-79.6922166870207
-79.6904201673758
-79.6913038490255
-79.6889108278192
-79.6914259316441
-79.6857066122397
-79.6887708517898
-79.6927079052103
-79.6934388227292
-79.6896801186463
-79.6854578530179
-79.6899709888441
-79.6885364373055
-79.6877572641222
-79.6871198251548
-79.6897340634343
-79.6890044755489
-79.6934520791232
-79.6937529858671
-79.6851142653476
-79.689896897982
-79.6900727445623
-79.6893750385793
-79.6882314406373
-79.6861852172675
-79.6888593092904
-79.6890686962857
-79.684381008363
-79.6914381981807
-79.6846627217974
-79.6857262701167
-79.6905195730619
-79.6852157765499
-79.6910777949997
-79.6931590826858
-79.6927976376362
-79.6880889349945
-79.6876981189737
-79.6887620304661
-79.685632133102
-79.6882058255506
-79.6907253369488
-79.6874672676279
-79.6853835562784
-79.6878664916983
-79.6880998979254
-79.6851074628495
-79.6882747477694
-79.6853384693727
-79.6863160018877
-79.6853335172467
-79.6921284627458
-79.6857386182817
-79.6877395650712
-79.6865676142974
-79.6903880162033
-79.6909186000183
-79.6928495696335
-79.6900918264508
-79.6926322371279
-79.6919619134366
-79.6873400313798
-79.68620847247
-79.6895066863087
-79.696260927937
-79.6902638306165
-79.6868847210618
-79.6857998552134
-79.6920745149046
-79.6906402386198
-79.6887616239833
-79.6888427362487
-79.6926035164751
-79.6900870363142
-79.6889410732286
-79.6914017213076
-79.691543303752
-79.6923890381214
-79.6919067607084
-79.6769985091735
-79.6860326027547
-79.6816573793573
-79.6825948793489
-79.6902441986067
-79.6822177037895
-79.6889036194598
-79.688453383433
-79.6932929815085
-79.6925376155429
-79.6845917494077
-79.6910513578124
-79.6846897163138
-79.6925331333914
-79.6891145853273
-79.6908421569253
-79.6917929676688
-79.6856508715638
-79.6898459793716
-79.6904190155453
-79.6912480920481
-79.6906747706922
-79.6865586039519
-79.6859786709353
-79.6904166058008
-79.6861422823193
-79.6805633570015
-79.6915770871513
-79.6822125566573
-79.688836006142
-79.6853819776234
-79.6877337937477
-79.6831836573419
-79.6930415257762
-79.6867679535266
-79.6926461366723
-79.6888116877464
-79.6896664891244
-79.6928440285663
-79.6881438191324
-79.6935842457428
-79.693495801114
-79.6888211862112
-79.6802937474844
-79.6813126378742
-79.6815640022733
-79.6789298185771
-79.6827752323577
-79.6866397276931
-79.6829922896834
-79.6885678623839
-79.6914849635372
-79.689723790164
-79.6839151652757
-79.6894040893672
-79.6927120366698
-79.6881822308468
-79.6930879553043
-79.6866399319219
-79.6903453085397
-79.691903404411
-79.6880509483261
-79.690161332342
-79.6953108096531
-79.6933311132451
-79.6936616596501
-79.6944734936863
-79.6885361692931
-79.6836987656933
-79.6880670822103
-79.6877012411511
-79.6933722898015
-79.6900556173632
-79.6930143752212
-79.6877454764223
-79.6890057117935
-79.687859295091
-79.6921343064846
-79.692975069721
-79.6923733193393
-79.6882847081639
-79.6915013394245
-79.6874761984393
-79.687016632568
-79.6871028944567
-79.6868179263657
-79.6878366676737
-79.6926404151059
-79.6947121421407
-79.6962325049275
-79.6970188862819
-79.6931206650586
-79.6957817853711
-79.6941966724286
-79.694264960804
-79.6895523125431
-79.6932105770111
-79.6910348049856
-79.6880868946354
-79.6883806598038
-79.6858323567711
-79.6870704797465
-79.6887651648713
-79.6871123793136
-79.6897678658547
-79.693751315343
-79.6914054982457
-79.6868637797767
-79.6907216653346
-79.6883362668757
-79.6902514669896
-79.6910760257605
-79.6933459311606
-79.6927839552015
-79.6896402722548
-79.6909762892756
-79.6908649271644
-79.6922359554812
-79.6878364324338
-79.6875161777396
-79.6847073728876
-79.6856130813519
-79.6902348363097
-79.6914812356746
-79.6883117277264
-79.6873664622031
-79.6842938400252
-79.6894972751734
-79.6861313324135
-79.6892085799075
-79.6922597996391
-79.6902492441036
-79.6848159258632
-79.6855439441071
-79.6870652242471
-79.6873887365244
-79.6871892178518
-79.6869102424952
-79.6908600153048
-79.6921738455581
-79.6917829035933
-79.6825737148346
-79.6859480726738
-79.6895601309206
-79.694538927285
-79.6903597206968
-79.6939143297279
-79.6931577214393
-79.6943104264534
-79.6925527557192
-79.6934784634533
-79.690636389506
-79.6894036361796
-79.6953608175636
-79.6878309436542
-79.6917306127523
-79.690147459645
-79.689850179421
-79.6903495670555
-79.6919230927288
-79.6898247606243
-79.6902240755122
-79.6868881788682
-79.6834740306601
-79.6851840083653
-79.6924210261155
-79.6908990252688
-79.6877833355768
-79.6912112669049
-79.6860964817932
-79.685125490967
-79.6923743162286
-79.6803798593295
-79.6909750401031
-79.6893904913843
-79.6944041042541
-79.691116097295
-79.6928999686278
-79.6851749337563
-79.6931553717542
-79.6897117244918
-79.6937418656451
-79.6909139351016
-79.6916511922607
-79.6887245913882
-79.6907164343206
-79.6909261579375
-79.6831999543074
-79.6850414640549
-79.6844271138829
-79.6836474531379
-79.6898601032518
-79.6867069350736
-79.6879111890687
-79.6863826695862
-79.6800555474542
-79.6920835110614
-79.6833029688502
-79.6918165765479
-118.956319491134
-118.941154700999
-118.940864536588
-118.934621084365
-118.931004797927
-118.934215996098
-118.935615622231
-118.943521438615
-118.939636844275
-118.944434063162
-118.935152681902
-118.932444284572
-118.936785720183
-118.936456250656
-118.937730700223
-118.9394835448
-118.933497028231
-118.937621888626
-118.940196276709
-118.935550644498
-118.943768058723
-118.939644622813
-118.938912534733
-118.940434923811
-118.941059476607
-118.939102513127
-118.938518902961
-118.945338318463
-118.9401022473
-118.945371032956
-118.942897007327
-118.943793944402
-118.944988670173
-118.939498930436
-118.945039781387
-118.93972270867
-118.941648574298
-118.941478700494
-118.937229966959
-118.944571825067
-118.942704560009
-118.948394118761
-118.937755785014
-118.944943135052
-118.939679207491
-118.934922224726
-118.94243083088
-118.940233499333
-118.94485504786
-118.940835621801
-118.937514703735
-118.935153205239
-118.935460965425
-118.938061061337
-118.935164195603
-118.944586272628
-118.947298048019
-118.945568282502
-118.941126914139
-118.942687528959
-118.938012054091
-118.933797650795
-118.940741051463
-118.941216225931
-118.942794450646
-118.940391178958
-118.939081583806
-118.935369163906
-118.942500187704
-118.934243500863
-118.939344661464
-118.941524146315
-118.94528904557
-118.943501052454
-118.935619980287
-118.943328704191
-118.935474179768
-118.935034622367
-118.934183097384
-118.942831009586
-118.934271577903
-118.936364485022
-118.941191490342
-118.930428728919
-118.935987790972
-118.931807177703
-118.940833957381
-118.933214951351
-118.935280044703
-118.940401962286
-118.938534900716
-118.944189981988
-118.940556173283
-118.945473883934
-118.939277671105
-118.942549995132
-118.940278696307
-118.940908865901
-118.945011228361
-118.940522195372
-118.940302512502
-118.938310322937
-118.942759046681
-118.936295993003
-118.941371552486
-118.94420783189
-118.945879607648
-118.942831029113
-118.941371014882
-118.940210536202
-118.937716606521
-118.942707099541
-118.938638600717
-118.942267799417
-118.944091444703
-118.942712770422
-118.938052977567
-118.940016310196
-118.939009771624
-118.941835510742
-118.947172485118
-118.943493037628
-118.943764190405
-118.938338978414
-118.939936179944
-118.94009036651
-118.939446904711
-118.945190251828
-118.945165587014
-118.947383263013
-118.947528428269
-118.941158776598
-118.935214624929
-118.938932615739
-118.937889698116
-118.941255269954
-118.942857934742
-118.942316877016
-118.950793463458
-118.943863366862
-118.947843450628
-118.944386873202
-118.9420989535
-118.94655611063
-118.941183259678
-118.945653739679
-118.94030236351
-118.944007124607
-118.945221838836
-118.941968502812
-118.943586151119
-118.942904524989
-118.941157158121
-118.935868725262
-118.947893878881
-118.939595786791
-118.943734785063
-118.94758656267
-118.940011808939
-118.945597512907
-118.939018270003
-118.945696598778
-118.942567023715
-118.94082391096
-118.946753443895
-118.937209597601
-118.944776188264
-118.944948364379
-118.943529499317
-118.948408027253
-118.944198350811
-118.945078728506
-118.945559724338
-118.946646944475
-118.944902211072
-118.94336083868
-118.942348287426
-118.944899452571
-118.946102781048
-118.93810082572
-118.948225481242
-118.940704038081
-118.942675831197
-118.942815790085
-118.941932744996
-118.942306139524
-118.939281479029
-118.942100913773
-118.943987899232
-118.938921488697
-118.939029326301
-118.940220138847
-118.932970654055
-118.941563011469
-118.936526943574
-118.936694747179
-118.943443088543
-118.938831914274
-118.941743167011
-118.932161772191
-118.937015105222
-118.939277035102
-118.934632242311
-118.939079648933
-118.936640095473
-118.935618780247
-118.930843635384
-118.931593371179
-118.924320799527
-118.932287924571
-118.936763313302
-118.936409631262
-118.941373691951
-118.944079615168
-118.943269280718
-118.940079870365
-118.938179384653
-118.935744047151
-118.942861283818
-118.937541724306
-118.944290538459
-118.941725133295
-118.944221073869
-118.945920891779
-118.94014355712
-118.943298885164
-118.939382960279
-118.939608592427
-118.937684525826
-118.945962260302
-118.944651361184
-118.948994321161
-118.950369951275
-118.946270666106
-118.943892616169
-118.94119926571
-118.946288117117
-118.942163732326
-118.949034553717
-118.94696621566
-118.946691201704
-118.949371421646
-118.943032928886
-118.942475165398
-118.940261806663
-118.948582653512
-118.947794999621
-118.949057132674
-118.948803497884
-118.947246586539
-118.947637882912
-118.941053402177
-118.948606665443
-118.944425045562
-118.948906487578
-118.95062705328
-118.943799753195
-118.947948314747
-118.940830873492
-118.943688351476
-118.945758776172
-118.944721714123
-118.947560072639
-118.948195613309
-118.946151504507
-118.940331780582
-118.947889112348
-118.940459191812
-118.944856890368
-118.948474401822
-118.942720973868
-118.948575123584
-118.94442663418
-118.944505745043
-118.945302977963
-118.943611165859
-118.943268548899
-118.942134643548
-118.948755105212
-118.944472523247
-118.947229722245
-118.949684646034
-118.9460803537
-118.948063583725
-118.946532527807
-118.94688279723
-118.946710031797
-118.942199401692
-118.943530246032
-118.947285201672
-118.945064132137
-118.945740266135
-118.942784573461
-118.944297274317
-118.943587500607
-118.939976626208
-118.941490124361
-118.937530300147
-118.945992848855
-118.941405428762
-118.947559018606
-118.944764606837
-118.942740138512
-118.952538068452
-118.942731407137
-118.945897581246
-118.945057297721
-118.941552242972
-118.942897099493
-118.943773683203
-118.944701845052
-118.940495715307
-118.944804689352
-118.942256470126
-118.939942484049
-118.947506747268
-118.942198626802
-118.943238023816
-118.950138539813
-118.939212641228
-118.945464606589
-118.949996853684
-118.946653357175
-118.947203527119
-118.948356722706
-118.946496742143
-118.941193511018
-118.946728128732
-118.93885972319
-118.946718188308
-118.941814891956
-118.940826088451
-118.944053798573
-118.945580415162
-118.936232438449
-118.942893080737
-118.941603210715
-118.936898955576
-118.94899457663
-118.937669522348
-118.943209468352
-118.945294435325
-118.931734073739
-118.941618016114
-118.940557374011
-118.943904881342
-118.938306136865
-118.948258438019
-118.941574534378
-118.943848145629
-118.946701318626
-118.936177949492
-118.948951343226
-118.943209733239
-118.945246715588
-118.948658651129
-118.942868031008
-118.9440409685
-118.940450648485
-118.939490086466
-118.938752897708
-118.948599050708
-118.939498860908
-118.942934871104
-118.943566107218
-118.942898279147
-118.941152543561
-118.934853518833
-118.946012645897
-118.943503660917
-118.941904342394
-118.946905613538
-118.944913597075
-118.94412018084
-118.93716749889
-118.946432822237
-118.942117795311
-118.945822551793
-118.945647564046
-118.947538782327
-118.946875890846
-118.943111336364
-118.944483061166
-118.942095744062
-118.948253650617
-118.942511839942
-118.944813094388
-118.948517694368
-118.947743446932
-118.9489722127
-118.941613338168
-118.943168117922
-118.944407909756
-118.937600331537
-118.9461756498
-118.944205497928
-118.948115505555
-118.941408008436
-118.940645365538
-118.942503924488
-118.936725160193
-118.937983872631
-118.937729731928
-118.944405775347
-118.942436531435
-118.941310938075
-118.945158204501
-118.94337667437
-118.943455554171
-118.944626320219
-118.939705593436
-118.94716529768
-118.938958781927
-118.945990299281
-118.941618527451
-118.943530416356
-118.946279696446
-118.941313859685
-118.943508087357
-118.93652771849
-118.942262647635
-118.94033738697
-118.942326083106
-118.941450588849
-118.942945957853
-118.94629739501
-118.94285362758
-118.942070147349
-118.939604225039
-118.948186688331
-118.942611183189
-118.946458339429
-118.939919028005
-118.941914025006
-118.946983174052
-118.943785285886
-118.947366758721
-118.941386589339
-118.949128950104
-118.943144327547
-118.945085702479
-118.940920046876
-118.943243978207
-118.948105507569
-118.945626986737
-118.946088859583
-118.941448689282
-118.947635261366
-118.94286248917
-118.940117522201
-118.941219520756
-118.943884058938
-118.946062479122
-118.947445924843
-118.945259584136
-118.941722607368
-118.942761864193
-118.943245440074
-118.942215468016
-118.944320312574
-118.949026728556
-118.945991600192
-118.945007260954
-118.938010175277
-118.932807754206
-118.933673876007
-118.943793167493
-118.94451948248
-118.943965129083
-118.943389501186
-118.941173197421
-118.939433765282
-118.941673518439
-118.945928780968
-118.940038905698
-118.94849897457
-118.94607839777
-118.943362929494
-118.937699577119
-118.940801251197
-118.942363437522
-118.942508897227
-118.948201922494
-118.944895570623
-118.947404363513
-118.941093099075
-118.94362717998
-118.942412908518
-118.945456425452
-118.950386923415
-118.944175476282
-118.946495557768
-118.941376068747
-118.941025848541
-118.945702701005
-118.9397558077
-118.949609200471
-118.941210422049
-118.944213647923
-118.949264240749
-118.943500892801
-118.947756958568
-118.940773808058
-118.945383313476
-118.94589979599
-118.94458526788
-118.947644393717
-118.942940274195
-118.948265098373
-118.945634521561
-118.944687570964
-118.944731526382
-118.945738754153
-118.946250715195
-118.945147035886
-118.944887112917
-118.948516968709
-118.944329797456
-118.945727986299
-118.945474079903
-118.944133090449
-118.944667999279
-118.941922685014
-118.945388899768
-118.946132326716
-118.944198864327
-118.947020503019
-118.944326897741
-118.945356449996
-118.940834529396
-118.947057082374
-118.947629121785
-118.948729203665
-118.950381681513
-118.945781778687
-118.948417294494
-118.942672184756
-118.942138648244
-118.945819181807
-118.945031261713
-118.942735423211
-118.94720247932
-118.94598284616
-118.947920247418
-118.943701253607
-118.944338746155
-118.946978751947
-118.941337440109
-118.944521038243
-118.94330995145
-118.945300913766
-118.945065111862
-118.943171028371
-118.944666486171
-118.939905659104
-118.94487263442
-118.944552811539
-118.947748516479
-118.942391088462
-118.943958978408
-118.946438577946
-118.936714279539
-118.944990212006
-118.939292491223
-118.93649242758
-118.945403002066
-118.938811011211
-118.943203498995
-118.942789383792
-118.946560894273
-118.941278797017
-118.93866827994
-118.945504023818
-118.935583492379
-118.944254558387
-118.937114392132
-118.942284640772
-118.936870900257
-118.940971091885
-118.94459556822
-118.93700936299
-118.947098177868
-118.940283095812
-118.942958756352
-118.943153049036
-118.945255535909
-118.944642232109
-118.941671705133
-118.941671831803
-118.939682336333
-118.940997482704
-118.944422792603
-118.9426646153
-118.943288034262
-118.944210107529
-118.946887012176
-118.943983533725
-118.944788736037
-118.945913593851
-118.943708709602
-118.941429066936
-118.943437644577
-118.942798472605
-118.943973147493
-118.941428672306
-118.943348197138
-118.945157302574
-118.938671089392
-118.946875689953
-118.945885184856
-118.942434617775
-118.940339854154
-118.941755765866
-118.943962231137
-118.938174897033
-118.944526294969
-118.940713149204
-118.941793404592
-118.940938604269
-118.938457534084
-118.939259521716
-118.940050115416
-118.943060202464
-118.94338309232
-118.948292097382
-118.942848954162
-118.945707546122
-118.944536424575
-118.942361972969
-118.94113917033
-118.93850311145
-118.939654560507
-118.937675785662
-118.945203838942
-118.943067426139
-118.943619531761
-118.942715205836
-118.941910063841
-118.944931530932
-118.942291071433
-118.942732971987
-118.94688676572
-118.940884749725
-118.939734083582
-118.942295034472
-118.943964781373
-118.941728946318
-118.947349790078
-118.946819086595
-118.944599148305
-118.940370841535
-118.944236802485
-118.948558256518
-118.943740125466
-118.94406674017
-118.945245575354
-118.946770129571
-118.943524689861
-118.94545538629
-118.947037234957
-118.943317425644
-118.944121622251
-118.949410728218
-118.950061904177
-118.942700380143
-118.950053476769
-118.948509683454
-118.945925171213
-118.946465010595
-118.942813496151
-118.950398926363
-118.945062981193
-118.944269322168
-118.947661932363
-118.940963013524
-118.94797423142
-118.94280400438
-118.946069335739
-118.94960390548
-118.944054802217
-118.950862229965
-118.945318859091
-118.946094296966
-118.944531624178
-118.944498155631
-118.943113492667
-118.946044123139
-118.942567860983
-118.943751491187
-118.943811303721
-118.942485728523
-118.94825410253
-118.943928723466
-118.947529843075
-118.950096314368
-118.94080963496
-118.943977496688
-118.938086412149
-118.936483295201
-118.934375347083
-118.933753232037
-118.94406172472
-118.937978472754
-118.941742217901
-118.934145696419
-118.937752487277
-118.934713604227
-118.93330947022
-118.932535267361
-118.932365164864
-118.941669343494
-118.930212351767
-118.937214513075
-118.933212551703
-118.934374950767
-118.933334303364
-118.932903941211
-118.939586511454
-118.940280619617
-118.944639946048
-118.941006304787
-118.933328607403
-118.936856942705
-118.934910398665
-118.929652415475
-118.939672663008
-118.936576904265
-118.939420114155
-118.934890235557
-118.938127442926
-118.931559999123
-118.929070956419
-118.930047954114
-118.934611249776
-118.94285310438
-118.94076840529
-118.944401360037
-118.940253879011
-118.938711798377
-118.935813151559
-118.931779548951
-118.941059962492
-118.943694062812
-118.948252953708
-118.94601682982
-118.946142275128
-118.944300033012
-118.939227950076
-118.940323553095
-118.940400400215
-118.942434799255
-118.945900675537
-118.947094022632
-118.9441763098
-118.946537584784
-118.944456026641
-118.938428319785
-118.941523599275
-118.943206253656
-118.942990143631
-118.947955325206
-118.939920686872
-118.94631352122
-118.940596594795
-118.946271480968
-118.943381970318
-118.940007399085
-118.941703565325
-118.939679876915
-118.942675382986
-118.936613342148
-118.943473448053
-118.943418060466
-118.951391389688
-118.948144573281
-118.94602749457
-118.942905049321
-118.936762909316
-118.945629994687
-118.937829247374
-118.945465115399
-118.937543241436
-118.942303705227
-118.942054356704
-118.937040038834
-118.942650586465
-118.932454326038
-118.946276302525
-118.943380262828
-118.945222880806
-118.941518721538
-118.940188564817
-118.940993422375
-118.931451449032
-118.940749975001
-118.930749476754
-118.94168388616
-118.938252090755
-118.938604009431
-118.940725334905
-118.936848556735
-118.945591667025
-118.942884770275
-118.944491297667
-118.938815058102
-118.945091942748
-118.945037189611
-118.943336930435
-118.943738342716
-118.94359426505
-118.942745315884
-118.939635672041
-118.941061138415
-118.942277460792
-118.94475157552
-118.942638769871
-118.942666313253
-118.944486368963
-118.941298186063
-118.943657101567
-118.941194188782
-118.940293806708
-118.942696303435
-118.939867868409
-118.939629259405
-118.941303435352
-118.946376999871
-118.944008832778
-118.940891811665
-118.941965186066
-118.941886669007
-118.940148929892
-118.936834113385
-118.940637306209
-118.938129318894
-118.940627420754
-118.939907265681
-118.941094476318
-118.944379568658
-118.941490295984
-118.943012707688
-118.939725037393
-118.940383271318
-118.942547089639
-118.946856781305
-118.944207307357
-118.94644257555
-118.943651403578
-118.948555155474
-118.947130559489
-118.946996481015
-118.94846352681
-118.942497074198
-118.945784297486
-118.938941755235
-118.947958022539
-118.946887826491
-118.946815596738
-118.945989888368
-118.945886892599
-118.944724552902
-118.937189749452
-118.945028894204
-118.945086636668
-118.947855042654
-118.944151015362
-118.945585974192
-118.947818500794
-118.938049216475
-118.942745109123
-118.938312874762
-118.9443979967
-118.948284754463
-118.938946248199
-118.944883180857
-118.933001317769
-118.938661837242
-118.931697616077
-118.943220624073
-118.940586986533
-118.945176925018
-118.939949242377
-118.932943441052
-118.942339163163
-118.933077872031
-118.937695377476
-118.942172909215
-118.939098282318
-118.935288156621
-118.93033968113
-118.937200274354
-118.93037595663
-118.932127048547
-118.935189277864
-118.933489815928
-118.940785888623
-118.932085541235
-118.938414545108
-118.935896099534
-118.937339262223
-118.937664707645
-118.94129309311
-118.940057949434
-118.944663405376
-118.944565427114
-118.937859237963
-118.938960897838
-118.938256675753
-118.93821806807
-118.939793058939
-118.944901816319
-118.940582017667
-118.938535855365
-118.939676678593
-118.937748929246
-118.94460667086
-118.937231104455
-118.945575759249
-118.94174623275
-118.938912708475
-118.943977598817
-118.941087410909
-118.949844785782
-118.938934995384
-118.946456813961
-118.943121100826
-118.940319793354
-118.943608755086
-118.94246250998
-118.95197464153
-118.945833429943
-118.947886298511
-118.941803037145
-118.93686053434
-118.93828769925
-118.936151741412
-118.942221641278
-118.9441092529
-118.945520171842
-118.943899560347
-118.940416817408
-118.936781287868
-118.937408376198
-118.937327352094
-118.938587538629
-118.940009074032
-118.943420077608
-118.946357393429
-118.943045235854
-118.943212070274
-118.936988048886
-118.942035884559
-118.941573714778
-118.937142620977
-118.941619740618
-118.93882761073
-118.9429861582
-118.942607706529
-118.939090619828
-118.939357572918
-118.944910310003
-118.943236528165
-118.945897083143
-118.944268262845
-118.945000592518
-118.943934564558
-118.941540279824
-118.942358028676
-118.935102679376
-118.942047118704
-118.939579232218
-118.945693951581
-118.944401829146
-118.945305413564
-118.947808516694
-118.939045935057
-118.946226590336
-118.936910525195
-118.943937224553
-118.943676215345
-118.944720500265
-118.950280573404
-118.943385231604
-118.948055472316
-118.940123866777
-118.943331315226
-118.94149925991
-118.942234597629
-118.944176708263
-118.939163224012
-118.94447343849
-118.941952877314
-118.944305194103
-118.938961158542
-118.942041512305
-118.939818507606
-118.945333311416
-118.942686722624
-118.942173573978
-118.942882316546
-158.213511336514
-158.201412578238
-158.189950939404
-158.199422033359
-158.196163848141
-158.19820283554
-158.201586477319
-158.200987213881
-158.192222003618
-158.196165114757
-158.194574022852
-158.187506634185
-158.193918785934
-158.196533994202
-158.197999954619
-158.199055561256
-158.200512444359
-158.199887597465
-158.199554184651
-158.200125696983
-158.201718873854
-158.199072895897
-158.188315751662
-158.204416758261
-158.197442225669
-158.196572555745
-158.195829983587
-158.202545291629
-158.198711164268
-158.189625074732
-158.202347151204
-158.195896849628
-158.196439811267
-158.197123599712
-158.193856716796
-158.190963436891
-158.196626980464
-158.195323740469
-158.2021477247
-158.196296604415
-158.19617059226
-158.197776863921
-158.204391488155
-158.19797442575
-158.201108058592
-158.191804198037
-158.188915853119
-158.197258802255
-158.197646896123
-158.189998618247
-158.183200178043
-158.191088611585
-158.199447849018
-158.198132248269
-158.198590254919
-158.197820619781
-158.19643057072
-158.194138887755
-158.200134715225
-158.187670854982
-158.193953169322
-158.194561280886
-158.200630577236
-158.195945998497
-158.195556256226
-158.196174755678
-158.196540379447
-158.189226337019
-158.194762675464
-158.183138803878
-158.189092317817
-158.193687071001
-158.192373684391
-158.193778383987
-158.18668783064
-158.195638573593
-158.190174596119
-158.197517322584
-158.194605122443
-158.19110883718
-158.195141896326
-158.191276430937
-158.195347868696
-158.192451006582
-158.187395486196
-158.197360954057
-158.202276411038
-158.198159432943
-158.196154973029
-158.199542604162
-158.191884380276
-158.202105320968
-158.189708680537
-158.198959618506
-158.192462325722
-158.194268318542
-158.200208094108
-158.194758505404
-158.198364141549
-158.200215981915
-158.197225585557
-158.215558297974
-158.198566004325
-158.198324016762
-158.195371828221
-158.200156882222
-158.193355871778
-158.196330733998
-158.196077157743
-158.192579036749
-158.192271091924
-158.19490649198
-158.187991201664
-158.191624014669
-158.202148038618
-158.193051457044
-158.19112504603
-158.191048337843
-158.196577465293
-158.195542750516
-158.184577775208
-158.20313639992
-158.198506143655
-158.199662262997
-158.20087819034
-158.19827091936
-158.194527006488
-158.19409259365
-158.20200434663
-158.200629493547
-158.199170580366
-158.19357383424
-158.19605346069
-158.199682146677
-158.198947259665
-158.200545948894
-158.189795384602
-158.194928434974
-158.191622681587
-158.198742625507
-158.193839083811
-158.194465330848
-158.190449769643
-158.199301820754
-158.195744436955
-158.194834151168
-158.195424213852
-158.191448609832
-158.193901391106
-158.194831869321
-158.199702857503
-158.189479178226
-158.204353015116
-158.196179843209
-158.193744615875
-158.206436486351
-158.194163384805
-158.192660126035
-158.200996965214
-158.199479432269
-158.191076085731
-158.19638246275
-158.20131254125
-158.200472345605
-158.198208261937
-158.201205535296
-158.197431777138
-158.205256540806
-158.204706188362
-158.198466189912
-158.202853895594
-158.197678427493
-158.194500571929
-158.19547870314
-158.198595792386
-158.192722404731
-158.200433317771
-158.19532308265
-158.201467104019
-158.201607401622
-158.20000670683
-158.199744028188
-158.204105796202
-158.198836047594
-158.201995665937
-158.205556380275
-158.194798803572
-158.201725617623
-158.194876563019
-158.195154125139
-158.189447528294
-158.191807946612
-158.198791993478
-158.194926857955
-158.196810623121
-158.195486630085
-158.194547029416
-158.196481976524
-158.188350077416
-158.190457491659
-158.193190034058
-158.188068394506
