-77.18785443096048
-77.1874860968899
-77.18611249723567
-77.18491375037974
-77.1877516500561
-77.18732228952906
-77.18730204511228
-77.18509534288965
-77.18765956796493
-77.18712906602282
-77.1875624816126
-77.18472246825172
-77.1872522478889
-77.18702790220489
-77.18741758407113
-77.18461491172702
-77.1858419502057
-77.18641125697071
-77.18678506528232
-77.1846488690722
-77.1846234191322
-77.18632910120662
-77.1859472952284
-77.18458696216504
-77.18342577808754
-77.1862010495623
-77.18571699282198
-77.18575642951447
-77.18358577240302
-77.18640284966062
-77.18600409617535
-77.18677054499233
-77.18403666426327
-77.18661430999543
-77.18688815294088
-77.18754482824858
-77.1851709300387
-77.18633958640858
-77.18744543059793
-77.1876483916039
-77.18592063788897
-77.1856589213031
-77.18789038811275
-77.18741668426355
-77.186335436634
-77.18457554346337
-77.18763328040744
-77.18709281831262
-77.18725051002761
-77.18467015642314
-77.18747439582154
-77.18688965999027
-77.18765521777682
-77.18473905180848
-77.18724725720472
-77.18729599958868
-77.1877642659626
-77.18489663918581
-77.18600418100426
-77.18711537126792
-77.18730608115196
-77.18549494021136
-77.18483497908232
-77.18681597227406
-77.18616118715792
-77.18523537406405
-77.18332951202048
-77.18624603042889
-77.18560298726905
-77.18586043005824
-77.18280942391287
-77.18540776655294
-77.18516288976089
-77.1862059094344
-77.18363856091116
-77.18557788056738
-77.18635840497626
-77.18660635117848
-77.18458157126405
-77.18513875976939
-77.18735733926022
-77.18728229786356
-77.18624153472331
-77.1848939979324
-77.18776235693917
-77.18715212271464
-77.18725902741772
-77.18458622152549
-77.18755277534603
-77.18685223103148
-77.1875772631088
-77.18445583913993
-77.1869065906446
-77.18699913580662
-77.18759127994821
-77.18483292967517
-77.1862178559092
-77.18759220854278
-77.18766493709775
-77.18562403281385