-77.2215682574131
-77.2209602352379
-77.2211430500811
-77.2203177860773
-77.2217890270083
-77.2207118015812
-77.2222454699208
-77.2208522809546
-77.2224169543597
-77.2208241894741
-77.2226526818465
-77.2210213103526
-77.222870076366
-77.2213266380123
-77.2226617486875
-77.2213262479464
-77.2222744596935
-77.2213168360063
-77.2221275638639
-77.2215881953759
-77.2215757045234
-77.2218187554719
-77.221262714395
-77.2215950355662
-77.2208189649859
-77.2221372013517
-77.2208183685212
-77.2222819444571
-77.2208011196102
-77.2224776213554
-77.2207734854999
-77.2227115959197
-77.2209748489624
-77.2226312515504
-77.2213173101657
-77.222588005015
-77.221513868192
-77.222196319471
-77.2214982252743
-77.2217955137716
-77.2215430329211
-77.2212177661803
-77.221811021368
-77.220855222551
-77.2213565545753
-77.2200045418335
-77.221669843688
-77.2202702774411
-77.2219097529717
-77.2201745834675
-77.2219290431804
-77.2200555697135
-77.2221428333279
-77.2205279383695
-77.2224491026496
-77.2210911139798
-77.2223947610169
-77.2211399826139
-77.2220930296968
-77.2216146281329
-77.2220787707597
-77.2219795781146
-77.2215829940218
-77.2221717525149
-77.2211221875053
-77.221945545402
-77.2206623472845
-77.2223031884315
-77.2206482106053
-77.2223274757346
-77.2203121423837
-77.2219803867345
-77.2201955610059
-77.222215672566
-77.220895472282
-77.2222262634351
-77.2213209202615
-77.2219041214671
-77.2214158484258
-77.2217586742056
-77.2221827858721
-77.2217731162824
-77.2222154407714
-77.2210650956281
-77.222334191369
-77.2207910503556
-77.2224074388622
-77.2203987248651
-77.2221148778972
-77.2200657439747
-77.2219667408638
-77.219951106922
-77.2215987493889
-77.220047353798
-77.2214383867299
-77.2201959330287
-77.2213364962343
-77.2211167522062
-77.2213794441736
-77.2211279252833
