-2.314247805893025713e+02
-2.314259534476498459e+02
-2.314272779495891825e+02
-2.314338457986122535e+02
-2.314304266482225785e+02
-2.314312810711926431e+02
-2.314232367831831709e+02
-2.314279560732302627e+02
-2.314276271345146370e+02
-2.314301102562225765e+02
-2.314278540720102058e+02
-2.314315439496291162e+02
-2.314294511220210211e+02
-2.314205965513804699e+02
-2.314306952954436554e+02
-2.314311362071568965e+02
-2.314295126751043483e+02
-2.314257762559625746e+02
-2.314266229281227254e+02
-2.314216789445385700e+02
-2.314245993295358232e+02
-2.314196246950610316e+02
-2.314211055315753356e+02
-2.314197041632398566e+02
-2.314283613192463065e+02
-2.314222255532939130e+02
-2.314309489056551854e+02
-2.314220608496441685e+02
-2.314273359779227803e+02
-2.314271562381829881e+02
-2.314297000463066354e+02
-2.314204746183200143e+02
-2.314213532918340377e+02
-2.314332813962104467e+02
-2.314234896147701761e+02
-2.314304608197716391e+02
-2.314253840330003982e+02
-2.314249493159890392e+02
-2.314313904815426213e+02
-2.314167986248052102e+02
-2.314300954075264372e+02
-2.314207416841389318e+02
-2.314254719521146058e+02
-2.314257835082075019e+02
-2.314254222259228015e+02
-2.314159394471728888e+02
-2.314261586813682356e+02
-2.314277240606188002e+02
-2.314217273858025976e+02
-2.314296556891514456e+02
-2.314266382895893912e+02
-2.314297027822130701e+02
-2.314289405374364321e+02
-2.314246755775938880e+02
-2.314273566252449541e+02
-2.314274736831273458e+02
-2.314211851596797658e+02
-2.314256247848013288e+02
-2.314223824168329031e+02
-2.314257039973772692e+02
-2.314302043065490011e+02
-2.314279752051702701e+02
-2.314119821840855309e+02
-2.314295169986666281e+02
-2.314283251954695118e+02
-2.314183614411242047e+02
-2.314278247388157297e+02
-2.314244542678298444e+02
-2.314179809900290650e+02
-2.314240643045547472e+02
-2.314284100513074804e+02
-2.314257652815116160e+02
-2.314272301954597424e+02
-2.314229232967109340e+02
-2.314337777491874419e+02
-2.314211663730307009e+02
-2.314172929547862907e+02
-2.314152765382645498e+02
-2.314282987972637784e+02
-2.314195948369209646e+02
-2.314221539098475091e+02
-2.314293242013873453e+02
-2.314264588469674777e+02
-2.314253639156993927e+02
-2.314300730020895003e+02
-2.314290784657026165e+02
-2.314272690122576819e+02
-2.314228058400982491e+02
-2.314204741331603259e+02
-2.314312576314372905e+02
-2.314296842466737303e+02
-2.314258418163414035e+02
-2.314297101190256853e+02
-2.314242482461318104e+02
-2.314138941376224352e+02
-2.314336677742427923e+02
-2.314287691955736648e+02
-2.314264168534801058e+02
-2.314298714270529729e+02
-2.314207268660340162e+02
-2.314291666756181201e+02
-2.314254181935597501e+02
-2.314184825466505515e+02
-2.314246586608315397e+02
-2.314277453106414271e+02
-2.314288426559594711e+02
-2.314313162914731379e+02
-2.314235172388957551e+02
-2.314286715514267598e+02
-2.314248683000139408e+02
-2.314290889576911923e+02
-2.314260924474071714e+02
-2.314222947317996955e+02
-2.314317104226996094e+02
-2.314281637676494654e+02
-2.314227124227589343e+02
-2.314329837565769878e+02
-2.314252976071383046e+02
-2.314252031218708510e+02
-2.314302974694843158e+02
-2.314209879918699073e+02
-2.314310257927873522e+02
-2.314247524086419787e+02
-2.314296802293972064e+02
-2.314248176165532129e+02
-2.314272041589817377e+02
-2.314254039928561326e+02
-2.314317293399113566e+02
-2.314187101077866657e+02
-2.314286898843269000e+02
-2.314297412257873248e+02
-2.314277252368509323e+02
-2.314217904271506825e+02
-2.314268647892471904e+02
-2.314269000854479259e+02
-2.314228221826191714e+02
-2.314324027711025167e+02
-2.314276849066579871e+02
-2.314275096134283274e+02
-2.314209105652972198e+02
-2.314309638218493035e+02
-2.314270458232458338e+02
-2.314292723265763243e+02
-2.314235695501790815e+02
-2.314218134055190603e+02
-2.314280732474922502e+02
-2.314262410786730015e+02
-2.314224351265818314e+02
-2.314319805436178399e+02
-2.314261336666965860e+02
-2.314313835325517061e+02
-2.314301275516147882e+02
-2.314221529735652041e+02
-2.314263590765619938e+02
-2.314320034670597295e+02
-2.314305919548476425e+02
-2.314164114656795732e+02
-2.314322104389961225e+02
-2.314227010635054000e+02
-2.314234478725377073e+02
-2.314312689436684991e+02
-2.314258918434078964e+02
-2.314207443091378593e+02
-2.314337669450956696e+02
-2.314305762357941205e+02
-2.314290019844584947e+02
-2.314267235452884677e+02
-2.314304907263280882e+02
-2.314330444590144396e+02
-2.314328885935210565e+02
-2.314292213024176021e+02
-2.314252330175536656e+02
-2.314298341654655360e+02
-2.314271564673419732e+02
-2.314244276992110088e+02
-2.314212287905576773e+02
-2.314277300605061782e+02
-2.314246840141543373e+02
-2.314239214514909690e+02
-2.314247332235244983e+02
-2.314329411968656984e+02
-2.314287512668541922e+02
-2.314243241475461446e+02
-2.314256000188406972e+02
-2.314165967995918436e+02
-2.314249449191499650e+02
-2.314220285995477013e+02
-2.314245593702029282e+02
-2.314253116056323734e+02
-2.314285868736171494e+02
-2.314273759126547816e+02
-2.314310915757161240e+02
-2.314220841184215374e+02
-2.314327234231860189e+02
-2.314284548963444479e+02
-2.314316398674214383e+02
-2.314245095737629470e+02
-2.314240199325428478e+02
-2.314277709880089162e+02
-2.314216351250288426e+02
-2.314235986787547859e+02
-2.314258477300680852e+02
-2.314257550315998060e+02
-2.314310326912385563e+02
-2.314233299998517168e+02
-2.314246196359180203e+02
-2.314300709166608101e+02
-2.314300272685302673e+02
-2.314282242989571046e+02
-2.314204806085255086e+02
-2.314317894133381230e+02
-2.314292093579741731e+02
-2.314245151354370478e+02
-2.314289821110476453e+02
-2.314222552747645238e+02
-2.314307174653804111e+02
-2.314227621054445478e+02
-2.314217216665305159e+02
-2.314302124241677348e+02
-2.314293926668622987e+02
-2.314278159789215579e+02
-2.314275808022738659e+02
-2.314257269853622176e+02
-2.314251024114432482e+02
-2.314244520940236498e+02
-2.314273864685530384e+02
-2.314238523948160093e+02
-2.314311880878972829e+02
-2.314304072997337869e+02
-2.314186715206517988e+02
-2.314285228938764476e+02
-2.314267625226751477e+02
-2.314300999715124192e+02
-2.314255526022283505e+02
-2.314251806997435494e+02
-2.314247913215148174e+02
-2.314268841893401714e+02
-2.314327990871221630e+02
-2.314295251858089273e+02
-2.314244738828738264e+02
-2.314258900952509634e+02
-2.314206294452407633e+02
-2.314268996417881397e+02
-2.314297311018306686e+02
-2.314271990009231956e+02
-2.314181385165322524e+02
-2.314235753404426816e+02
-2.314292687595918494e+02
-2.314294541640472573e+02
-2.314248121538389569e+02
-2.314338609795885588e+02
-2.314225739436959657e+02
-2.314277078013431037e+02
-2.314250117068201575e+02
-2.314298394874276141e+02
-2.314305245200930017e+02
-2.314257102562737032e+02
-2.314304021745209923e+02
-2.314180588165580161e+02
-2.314267465563633266e+02
-2.314200333852048743e+02
-2.314320918231549058e+02
-2.314294341415886720e+02
-2.314225795195849571e+02
-2.314302104283831341e+02
-2.314269081886459389e+02
-2.314315348031200870e+02
-2.314277156639538475e+02
-2.314270744655755436e+02
-2.314328272528582033e+02
-2.314353444828952036e+02
-2.314232902462885875e+02
-2.314203539350858705e+02
-2.314128975732695324e+02
-2.314254486499397387e+02
-2.314262438037879974e+02
-2.314322421026246559e+02
-2.314325445827968508e+02
-2.314341467293869528e+02
-2.314257864410660659e+02
-2.314298406174118554e+02
-2.314327446746239048e+02
-2.314269463583623008e+02
-2.314283359116522547e+02
-2.314200662195934228e+02
-2.314254472180820414e+02
-2.314290327789487662e+02
-2.314315190817914925e+02
-2.314200869663271476e+02
-2.314281657885015591e+02
-2.314309613151858969e+02
-2.314232578032182630e+02
-2.314291952908486394e+02
-2.314221963280466525e+02
-2.314240176068374240e+02
-2.314285550382673762e+02
-2.314288304514811898e+02
-2.314241033987474339e+02
-2.314230615394334905e+02
-2.314236315827621695e+02
-2.314275927210396446e+02
-2.314254605516595973e+02
-2.314292999929917585e+02
-2.314303924137853130e+02
-2.314267252265824197e+02
-2.314265293005425974e+02
-2.314192727791450466e+02
-2.314143527182925482e+02
-2.314310660124769470e+02
-2.314283120966032641e+02
-2.314252630843888312e+02
-2.314311883215817716e+02
-2.314293147607656351e+02
-2.314173232191556622e+02
-2.314329212717205451e+02
-2.314316997466557382e+02
-2.314321806832814445e+02
-2.314253068108590981e+02
-2.314175871064590524e+02
-2.314312392867146855e+02
-2.314285430739073206e+02
-2.314326665602191042e+02
-2.314221603225202273e+02
-2.314211466128467123e+02
-2.314331126506436647e+02
-2.314182286255980614e+02
-2.314237885787844391e+02
-2.314232038048965876e+02
-2.314259766838418955e+02
-2.314282717604207278e+02
-2.314281719348287538e+02
-2.314239444101971230e+02
-2.314338841551845007e+02
-2.314281335525251961e+02
-2.314259635315438857e+02
-2.314177048517946673e+02
-2.314264480084808611e+02
-2.314299523226870861e+02
-2.314272171203112407e+02
-2.314300964777775391e+02
-2.314224278579473548e+02
-2.314285641087692795e+02
-2.314267150910521877e+02
-2.314328180146662248e+02
-2.314305528411976809e+02
-2.314163701363174823e+02
-2.314214054194901564e+02
-2.314263221902202190e+02
-2.314254621278864477e+02
-2.314316711763458159e+02
-2.314309653261701101e+02
-2.314293743132432155e+02
-2.314258398630043700e+02
-2.314288983962471491e+02
-2.314199139929169178e+02
-2.314268559907264660e+02
-2.314212971011274362e+02
-2.314219029554081999e+02
-2.314232167095651107e+02
-2.314243800688201134e+02
-2.314256393955210456e+02
-2.314222230617087632e+02
-2.314213349377230600e+02
-2.314286401382888982e+02
-2.314261912509994943e+02
-2.314267512129165141e+02
-2.314228179247199080e+02
-2.314282993870868381e+02
-2.314206620832007957e+02
-2.314300197135172539e+02
-2.314200785298689311e+02
-2.314255506213569049e+02
-2.314188738570992143e+02
-2.314272064127722217e+02
-2.314314491257810005e+02
-2.314279966149426286e+02
-2.314272055533159573e+02
-2.314315813942926923e+02
-2.314281878142276412e+02
-2.314226148019611742e+02
-2.314330720225430582e+02
-2.314269872157376824e+02
-2.314337064030709143e+02
-2.314288283243392641e+02
-2.314276862392821670e+02
-2.314221837924370675e+02
-2.314204898851853329e+02
-2.314287081714095393e+02
-2.314271283097152434e+02
-2.314232779362218650e+02
-2.314240092503886501e+02
-2.314247780921565720e+02
-2.314313603422763208e+02
-2.314321270386901972e+02
-2.314273101532926944e+02
-2.314291389684026967e+02
-2.314275904241364117e+02
-2.314213667082026120e+02
-2.314301992981560261e+02
-2.314228893503704114e+02
-2.314260757517086802e+02
-2.314281835859824241e+02
-2.314283854842920505e+02
-2.314274991732597755e+02
-2.314245211870575076e+02
-2.314247838352382018e+02
-2.314318335584049748e+02
-2.314268754748634649e+02
-2.314263441871358964e+02
-2.314216842295030006e+02
-2.314264575448222558e+02
-2.314292165744821261e+02
-2.314276395186698210e+02
-2.314319986788348444e+02
-2.314219097040410986e+02
-2.314322906382464566e+02
-2.314302986301757699e+02
-2.314283137114459805e+02
-2.314262912920044641e+02
-2.314130859521351340e+02
-2.314222700651279752e+02
-2.314300537062571550e+02
-2.314216629389824504e+02
-2.314251612149999744e+02
-2.314248576568960232e+02
-2.314286322193808871e+02
-2.314317379529300354e+02
-2.314279360392951332e+02
-2.314290488313712046e+02
-2.314282211348733540e+02
-2.314299133456448203e+02
-2.314292263912431054e+02
-2.314282478441319029e+02
-2.314285253731040939e+02
-2.314209022064528085e+02
-2.314272842272251580e+02
-2.314204308743186687e+02
-2.314276998203212372e+02
-2.314300150555933726e+02
-2.314274162366598944e+02
-2.314285445249997792e+02
-2.314301490367325300e+02
-2.314300507781387921e+02
-2.314268126926180003e+02
-2.314301978306638716e+02
-2.314340941066336654e+02
-2.314311984182821789e+02
-2.314202715477762240e+02
-2.314262045411541635e+02
-2.314246418203383087e+02
-2.314339953291134862e+02
-2.314295995980157841e+02
-2.314315233597932888e+02
-2.314220262325190163e+02
-2.314312518386960562e+02
-2.314252603124017185e+02
-2.314255089226311100e+02
-2.314267790149673374e+02
-2.314261025611908451e+02
-2.314252149683400148e+02
-2.314261890589058055e+02
-2.314247679971624336e+02
-2.314351200822123928e+02
-2.314285515290882813e+02
-2.314270780791198661e+02
-2.314199795526201058e+02
-2.314277862401334005e+02
-2.314313353118411101e+02
-2.314326767033068393e+02
-2.314316307028959443e+02
-2.314280918835760019e+02
-2.314249422978060977e+02
-2.314246355071544770e+02
-2.314310038281976745e+02
-2.314282603984433990e+02
-2.314278262953713750e+02
-2.314326754880379440e+02
-2.314260033752574373e+02
-2.314305689174683209e+02
-2.314293528171536991e+02
-2.314308928566058228e+02
-2.314273132416823842e+02
-2.314295175553719446e+02
-2.314220498917349857e+02
-2.314242055226835646e+02
-2.314248978358241686e+02
-2.314309913970296009e+02
-2.314298471559111192e+02
-2.314277656871138049e+02
-2.314316056412194769e+02
-2.314234896859241530e+02
-2.314319648511836931e+02
-2.314243838704229290e+02
-2.314279040101469604e+02
-2.314233356147495329e+02
-2.314280761843731682e+02
-2.314286581851874018e+02
-2.314231619860660203e+02
-2.314305174670084000e+02
-2.314225693238402073e+02
-2.314278447423598948e+02
-2.314223714792019280e+02
-2.314296602723625824e+02
-2.314257971407076582e+02
-2.314225093563281632e+02
-2.314304452292104202e+02
-2.314236668451630408e+02
-2.314298002389388671e+02
-2.314233123542110206e+02
-2.314231353780276663e+02
-2.314228900181667825e+02
-2.314260997021086439e+02
-2.314238881514978914e+02
-2.314300842828713769e+02
-2.314241071422494826e+02
-2.314317907810224142e+02
-2.314194607712096570e+02
-2.314318590835982832e+02
-2.314269060035921655e+02
-2.314222433314935188e+02
-2.314273949242285937e+02
-2.314308701419693932e+02
-2.314221769660085783e+02
-2.314265025311254362e+02
-2.314265425352664636e+02
-2.314295285147738355e+02
-2.314262847574309205e+02
-2.314305786980561095e+02
-2.314206596449069195e+02
-2.314291254728198055e+02
-2.314250153616904413e+02
-2.314234302632714559e+02
-2.314299941955858628e+02
-2.314264688769962106e+02
-2.314227561663259678e+02
-2.314288104809929507e+02
-2.314227574826509795e+02
-2.314287061318891290e+02
-2.314229645298751166e+02
-2.314251630928630163e+02
-2.314276730623395508e+02
-2.314260781139839480e+02
-2.314306351833827478e+02
-2.314214802588293765e+02
-2.314316377084496708e+02
-2.314235417148760803e+02
-2.314272692673230836e+02
-2.314249503670034755e+02
-2.314340386566297525e+02
-2.314215473538613139e+02
-2.314204103223009383e+02
-2.314207811818934317e+02
-2.314294766171420576e+02
-2.314275729697378949e+02
-2.314271789882251085e+02
-2.314287139931096249e+02
-2.314261265381966268e+02
-2.314269959964393024e+02
-2.314278816426983383e+02
-2.314289952198827223e+02
-2.314340350734570393e+02
-2.314266334150096043e+02
-2.314260762985624069e+02
-2.314306804566914764e+02
-2.314314584743622163e+02
-2.314243732486322926e+02
-2.314347382614230924e+02
-2.314257792084495406e+02
-2.314273929510298160e+02
-2.314314513697749760e+02
-2.314223784681382483e+02
-2.314271141124029327e+02
-2.314313577766311028e+02
-2.314268652662574368e+02
-2.314320584703514498e+02
-2.314269088553059817e+02
-2.314248150333561682e+02
-2.314199334653263520e+02
-2.314261629151679074e+02
-2.314192756698073197e+02
-2.314235524069579810e+02
-2.314252757172930899e+02
-2.314254977459130203e+02
-2.314299381323784814e+02
-2.314273800283158380e+02
-2.314256163725471822e+02
-2.314264867544445679e+02
-2.314260919086140404e+02
-2.314194767491721905e+02
-2.314300726586347992e+02
-2.314266865759685459e+02
-2.314236886852506814e+02
-2.314315831772863987e+02
-2.314303336726803764e+02
-2.314289107546933906e+02
-2.314253504038261440e+02
-2.314266088097645309e+02
-2.314281964451465683e+02
-2.314307407447600156e+02
-2.314319084141007181e+02
-2.314298467240068646e+02
-2.314296543178090815e+02
-2.314238271335587456e+02
-2.314301923226237818e+02
-2.314308834601602030e+02
-2.314249551710389596e+02
-2.314287986919672733e+02
-2.314208981079006264e+02
-2.314251638648107985e+02
-2.314308364854256013e+02
-2.314298891009235888e+02
-2.314247341647974849e+02
-2.314306772728331225e+02
-2.314192423438969684e+02
-2.314269222125356009e+02
-2.314309402913484917e+02
-2.314303678167699161e+02
-2.314339959652834011e+02
-2.314257101599893076e+02
-2.314273940764041413e+02
-2.314259552354758966e+02
-2.314194061612206212e+02
-2.314290529141931927e+02
-2.314238429256525649e+02
-2.314282326868715529e+02
-2.314201342052006396e+02
-2.314256869706638042e+02
-2.314247225674233448e+02
-2.314257342736902956e+02
-2.314264363926835983e+02
-2.314260905210018961e+02
-2.314261172386809449e+02
-2.314291000802307678e+02
-2.314285623662176477e+02
-2.314242175540571793e+02
-2.314246462466810215e+02
-2.314231994082536232e+02
-2.314230082804451172e+02
-2.314304696543883324e+02
-2.314238717244052737e+02
-2.314203155191229087e+02
-2.314234021144159215e+02
-2.314324868647366031e+02
-2.314242572357763095e+02
-2.314272124569091602e+02
-2.314285117828859768e+02
-2.314290291693842221e+02
-2.314185881833718668e+02
-2.314254169777485117e+02
-2.314284662108842667e+02
-2.314364510860697806e+02
-2.314328134852078449e+02
-2.314187918149197003e+02
-2.314233792482103809e+02
-2.314286572752468771e+02
-2.314333086852099939e+02
-2.314262359633291624e+02
-2.314232726172945434e+02
-2.314322676685709439e+02
-2.314277050482175753e+02
-2.314306143991886699e+02
-2.314287692685366267e+02
-2.314206488588710044e+02
-2.314242304268358623e+02
-2.314258544919999565e+02
-2.314314496054947199e+02
-2.314269948198844986e+02
-2.314262726934741750e+02
-2.314334227899085192e+02
-2.314239521966891573e+02
-2.314226724294592259e+02
-2.314253792224198776e+02
-2.314271223253697372e+02
-2.314275414393011374e+02
-2.314289229931970908e+02
-2.314263074266850140e+02
-2.314258764754589492e+02
-2.314262114658720009e+02
-2.314277112817937621e+02
-2.314250347020530398e+02
-2.314309443433558897e+02
-2.314212194060575598e+02
-2.314312520682450440e+02
-2.314297133818421628e+02
-2.314289286972230002e+02
-2.314252031902252611e+02
-2.314246774779935265e+02
-2.314266303059657446e+02
-2.314269088132526804e+02
-2.314257686273626291e+02
-2.314253779595675553e+02
-2.314228962659928186e+02
-2.314235352931690102e+02
-2.314249481124863905e+02
-2.314226315472856754e+02
-2.314241223114908905e+02
-2.314228344367603540e+02
-2.314221207998182877e+02
-2.314288008788685715e+02
-2.314258227267027337e+02
-2.314275927210398720e+02
-2.314299915219541219e+02
-2.314266083503559912e+02
-2.314343255100347108e+02
-2.314231538234662082e+02
-2.314252219547541642e+02
-2.314261087555506720e+02
-2.314280090547607074e+02
-2.314278912062179927e+02
-2.314292617698894219e+02
-2.314231830239948522e+02
-2.314289792797663665e+02
-2.314276510639194271e+02
-2.314332461354009922e+02
-2.314190366040972151e+02
-2.314312878578766117e+02
-2.314282923494210706e+02
-2.314288709747972916e+02
-2.314276765248129664e+02
-2.314272981249644374e+02
-2.314241371062991846e+02
-2.314275198463220704e+02
-2.314267679637224546e+02
-2.314282502342873897e+02
-2.314285324930437753e+02
-2.314268734697570835e+02
-2.314233440193465299e+02
-2.314269177567003055e+02
-2.314191217663805560e+02
-2.314276629850592428e+02
-2.314343157996160016e+02
-2.314239981442960641e+02
-2.314346571054584558e+02
-2.314254740210361092e+02
-2.314310180810896895e+02
-2.314184791994492514e+02
-2.314213902744744757e+02
-2.314277669502797039e+02
-2.314340955626594507e+02
-2.314248265320961195e+02
-2.314277434303345728e+02
-2.314295885750827608e+02
-2.314297632705385297e+02
-2.314302952198757168e+02
-2.314298709871593189e+02
-2.314254999388299723e+02
-2.314288773602015681e+02
-2.314252190416163728e+02
-2.314281022275085604e+02
-2.314248339393898277e+02
-2.314239580007896109e+02
-2.314270041083784974e+02
-2.314253958177706636e+02
-2.314303935549985454e+02
-2.314293373057705594e+02
-2.314281654578493033e+02
-2.314304335999372881e+02
-2.314333330897674443e+02
-2.314302641107170189e+02
-2.314242311874716336e+02
-2.314317466742712384e+02
-2.314268037475924871e+02
-2.314260258830816213e+02
-2.314226786491696544e+02
-2.314239767476547343e+02
-2.314218506146576431e+02
-2.314246982763152403e+02
-2.314240483072149175e+02
-2.314294093249829700e+02
-2.314217694119729174e+02
-2.314242648718766873e+02
-2.314235481331235178e+02
-2.314157358631660770e+02
-2.314294821803920854e+02
-2.314289716134221635e+02
-2.314267708477838994e+02
-2.314246008649107011e+02
-2.314293928350778913e+02
-2.314277938557191590e+02
-2.314256688620181706e+02
-2.314139042331622989e+02
-2.314206113679252610e+02
-2.314280077907550037e+02
-2.314253942235117734e+02
-2.314272242280320029e+02
-2.314249326969654703e+02
-2.314303179719337606e+02
-2.314307619651419259e+02
-2.314343590606400767e+02
-2.314286150656501491e+02
-2.314289453373364154e+02
-2.314263985677290805e+02
-2.314202479256259437e+02
-2.314222088305614307e+02
-2.314281748965388488e+02
-2.314248704610488403e+02
-2.314267529987496346e+02
-2.314322862728097050e+02
-2.314257054982896022e+02
-2.314287788078529218e+02
-2.314225144631944602e+02
-2.314287077966300501e+02
-2.314279461481764884e+02
-2.314245019744287788e+02
-2.314334001428416343e+02
-2.314258444906379566e+02
-2.314297529418788031e+02
-2.314218165345498051e+02
-2.314306292948981820e+02
-2.314276531384867610e+02
-2.314246941743046477e+02
-2.314222518085473439e+02
-2.314231488385933631e+02
-2.314323538305834234e+02
-2.314166414363322417e+02
-2.314261758053166886e+02
-2.314304316049241379e+02
-2.314313606686088463e+02
-2.314348179932759422e+02
-2.314238652674158914e+02
-2.314278137299519642e+02
-2.314311845301919561e+02
-2.314293929452122143e+02
-2.314277299220992745e+02
-2.314233652451068224e+02
-2.314297438521688832e+02
-2.314229172090195163e+02
-2.314291553507976573e+02
-2.314247276825310280e+02
-2.314243484377141726e+02
-2.314284741534690113e+02
-2.314243373244536315e+02
-2.314206474627356727e+02
-2.314274791895070678e+02
-2.314297048459562518e+02
-2.314264300474201264e+02
-2.314209109369807038e+02
-2.314271528230940760e+02
-2.314281625572958205e+02
-2.314260218333826913e+02
-2.314319441613477011e+02
-2.314312325263328205e+02
-2.314282516270471035e+02
-2.314240775335333637e+02
-2.314258981204077941e+02
-2.314306101011551959e+02
-2.314234916561618149e+02
-2.314306329277774523e+02
-2.314281358510253881e+02
-2.314251486977697709e+02
-2.314239172535400257e+02
-2.314281241021402309e+02
-2.314231002917683497e+02
-2.314293574269906344e+02
-2.314318348444836033e+02
-2.314281252884165383e+02
-2.314270614825448149e+02
-2.314250019007254480e+02
-2.314218944770426845e+02
-2.314268427788730378e+02
-2.314268030345978673e+02
-2.314286690882697712e+02
-2.314255971063249149e+02
-2.314209443081653035e+02
-2.314219027417426844e+02
-2.314257544375064981e+02
-2.314282449254978076e+02
-2.314263654341047811e+02
-2.314292216284027859e+02
-2.314309616465714612e+02
-2.314290627624629053e+02
-2.314331609537556176e+02
-2.314274844086686471e+02
-2.314300612042896432e+02
-2.314266221136619208e+02
-2.314218806582265131e+02
-2.314297954637934254e+02
-2.314289747116937974e+02
-2.314258551132489004e+02
-2.314196672437612108e+02
-2.314309293260427580e+02
-2.314303902422835790e+02
-2.314174336141033450e+02
-2.314287130072917762e+02
-2.314290808614977379e+02
-2.314236775672499959e+02
-2.314284856895594373e+02
-2.314245109108561564e+02
-2.314246432585536297e+02
-2.314223782375667042e+02
-2.314293539658563645e+02
-2.314226131335031766e+02
-2.314288086525677102e+02
-2.314181190055472257e+02
-2.314213176965130287e+02
-2.314279355776652665e+02
-2.314273668115718863e+02
-2.314228353905907056e+02
-2.314283078331237107e+02
-2.314269321543143008e+02
-2.314280455197486219e+02
-2.314256997578659991e+02
-2.314298156534411532e+02
-2.314270201564290232e+02
-2.314302889258285063e+02
-2.314236630838457529e+02
-2.314247334242772070e+02
-2.314293307126402226e+02
-2.314287273601876791e+02
-2.314278827149283870e+02
-2.314226456569174104e+02
-2.314234070162954708e+02
-2.314277253458022017e+02
-2.314254395172661702e+02
-2.314318437740325294e+02
-2.314297110043294197e+02
-2.314295297764868451e+02
-2.314303838760567658e+02
-2.314266266972951200e+02
-2.314329892076247575e+02
-2.314290287838256575e+02
-2.314267727383998761e+02
-2.314287456794644982e+02
-2.314275778420317806e+02
-2.314228042869716546e+02
-2.314284769306074736e+02
-2.314266089479248194e+02
-2.314211139847005825e+02
-2.314280607802983525e+02
-2.314243152097587881e+02
-2.314342339564975646e+02
-2.314299866949090188e+02
-2.314313670049242830e+02
-2.314234466972710891e+02
-2.314238671872034558e+02
-2.314227051994594717e+02
-2.314246658632869753e+02
-2.314289914664907997e+02
-2.314270384464659003e+02
-2.314305715027952033e+02
-2.314275544486961280e+02
-2.314319490420566297e+02
-2.314252378481221228e+02
-2.314236021998008823e+02
-2.314269115159215175e+02
-2.314274834911115022e+02
-2.314284463041629465e+02
-2.314278640746939288e+02
-2.314298241096324773e+02
-2.314311399231663131e+02
-2.314246679332929375e+02
-2.314327709259531218e+02
-2.314262970760066196e+02
-2.314301222355579455e+02
-2.314291041330404539e+02
-2.314226294202830445e+02
-2.314247464169434068e+02
-2.314238284311391283e+02
-2.314295675460392090e+02
-2.314326409165890084e+02
-2.314251130433647177e+02
-2.314273670399884679e+02
-2.314281801407460932e+02
-2.314309096707415847e+02
-2.314272006715659984e+02
-2.314254765985337201e+02
-2.314272843068632994e+02
-2.314287576068396390e+02
-2.314284057541463824e+02
-2.314205125272934538e+02
-2.314224883144193541e+02
-2.314295358455876510e+02
-2.314270343179359202e+02
-2.314258318808044805e+02
-2.314306230197728098e+02
-2.314290199980418379e+02
-2.314265179750298671e+02
-2.314226165003021833e+02
-2.314227122723777939e+02
-2.314316889426636976e+02
-2.314245461512240638e+02
-2.314188076943387102e+02
-2.314320232800526753e+02
-2.314302751674889862e+02
-2.314249455820509525e+02
-2.314276531895605729e+02
-2.314306874192642738e+02
-2.314322073988904549e+02
-2.314207443652730944e+02
-2.314284860477132781e+02
-2.314235601371628377e+02
-2.314250266279891264e+02
-2.314210015774468729e+02
-2.314279691684727993e+02
-2.314322415895554172e+02
-2.314274971627102389e+02
-2.314298518336502184e+02
-2.314273078070010001e+02
-2.314301532700775965e+02
-2.314274774717308105e+02
