-231.936443825621
-231.936529511064
-231.937002964729
-231.944406060196
-231.940731095892
-231.941122266272
-231.933130708531
-231.938118271878
-231.936050796186
-231.940605141497
-231.936830589094
-231.941765470742
-231.939354084718
-231.931075324391
-231.940891642758
-231.940818806933
-231.94044711571
-231.935129059418
-231.936853634769
-231.931836300594
-231.93518115048
-231.931241755206
-231.930854379056
-231.929578158594
-231.93912474579
-231.932746028451
-231.941227587338
-231.934142047902
-231.937240181414
-231.938122827755
-231.939947975414
-231.930244430405
-231.932746599104
-231.943803268254
-231.933508731584
-231.940270897932
-231.93593282723
-231.935415149357
-231.941436154037
-231.927714044321
-231.940473156155
-231.932609335164
-231.937352882628
-231.935667435321
-231.93618245731
-231.926153669834
-231.937092810172
-231.938485001825
-231.933447713387
-231.940553509905
-231.937762412564
-231.940836869664
-231.939440710321
-231.934734721407
-231.937949131807
-231.938233667335
-231.93226474811
-231.935676516187
-231.932865435321
-231.936081290646
-231.940672460687
-231.938541916628
-231.92263259794
-231.939189604158
-231.939235759513
-231.930431417785
-231.938489080313
-231.935355504841
-231.928636332783
-231.935404427509
-231.93869504265
-231.936293412722
-231.937283783709
-231.932612579727
-231.943296323375
-231.932364135366
-231.927472491499
-231.927027042846
-231.938885738094
-231.930908630904
-231.932783984033
-231.93895739737
-231.937127285178
-231.935716068967
-231.941181527091
-231.938954941715
-231.937842998985
-231.933310874979
-231.931955875158
-231.942104657444
-231.939441915017
-231.935851352978
-231.939638250572
-231.935057077811
-231.925531461422
-231.94355366053
-231.93935777061
-231.936355681653
-231.939804931743
-231.93129171037
-231.939274486613
-231.935906750236
-231.930277288849
-231.935405128281
-231.938818744504
-231.938630298784
-231.941273684919
-231.934386960059
-231.938409349754
-231.935574140874
-231.93940205112
-231.936007860651
-231.933079564823
-231.941244736608
-231.93836644928
-231.933451711726
-231.943700898585
-231.936105437084
-231.935254771055
-231.940661146277
-231.932214099068
-231.941107310398
-231.935699057916
-231.939536181523
-231.935344195105
-231.93707302919
-231.935872525021
-231.942672989821
-231.929440924562
-231.938173881738
-231.939329485335
-231.93776135563
-231.932330442215
-231.937595608002
-231.936974109288
-231.93319077835
-231.942289192779
-231.938283468397
-231.938490094583
-231.932866588402
-231.941110218682
-231.937453449903
-231.939784062176
-231.933767268221
-231.932643646112
-231.938733425672
-231.937359600611
-231.931743107714
-231.942537075825
-231.936542641939
-231.941887557021
-231.940257385064
-231.933347592026
-231.936099086979
-231.941730967887
-231.940113402518
-231.926801406668
-231.9424581895
-231.933278307615
-231.934217080095
-231.940989281827
-231.936652499641
-231.929765428413
-231.944217939038
-231.939886381424
-231.939667884054
-231.937019381185
-231.940688687133
-231.942820066582
-231.942599964452
-231.939753228204
-231.936275767239
-231.939528457704
-231.938848148729
-231.93466982884
-231.931204202355
-231.937953151178
-231.934584000656
-231.935287127084
-231.935424436971
-231.94274473973
-231.939562290713
-231.935479129621
-231.935629323306
-231.926367786088
-231.935799881028
-231.932716392481
-231.936123683749
-231.935834111989
-231.938377313003
-231.937149780773
-231.941606222919
-231.932279555233
-231.94282903222
-231.939775382827
-231.941657977167
-231.934701926134
-231.935618510306
-231.938623802936
-231.932261930501
-231.933893077747
-231.936458733359
-231.936493399012
-231.941533318175
-231.93384269322
-231.934918680537
-231.94045700634
-231.93952074966
-231.938562536565
-231.931967829702
-231.941874330264
-231.939557885795
-231.935434136799
-231.939989177739
-231.933705875907
-231.94162850823
-231.93284009185
-231.931663639343
-231.940473774559
-231.939526587053
-231.938556079965
-231.937864422822
-231.935641199512
-231.935974015441
-231.934383809018
-231.938189549557
-231.933382453796
-231.94142419955
-231.940795788317
-231.92912625673
-231.938917923619
-231.937572677926
-231.940179412726
-231.935041016453
-231.934836620822
-231.935651127631
-231.937339091305
-231.943268994148
-231.939793122304
-231.93436152344
-231.937046591353
-231.93091462801
-231.936816298297
-231.939993378505
-231.938653233385
-231.928195337715
-231.935076036197
-231.938782752085
-231.939779568548
-231.935228773832
-231.944175418699
-231.933563336661
-231.937412074011
-231.935808002573
-231.940244278533
-231.940450614772
-231.936718055903
-231.941003252584
-231.929915001294
-231.937334029105
-231.931948588725
-231.942401662742
-231.939122016541
-231.933898223198
-231.940869728659
-231.938249184549
-231.941562995581
-231.937965016597
-231.938070030631
-231.943723897744
-231.94544547592
-231.933745470734
-231.931130978771
-231.923572133615
-231.937342588403
-231.935325088272
-231.942020182741
-231.943148062128
-231.944176588414
-231.936184817455
-231.940945489819
-231.943297602982
-231.936777982036
-231.938526337743
-231.930698391677
-231.934971093679
-231.939527550753
-231.941143674301
-231.931558689231
-231.938856133063
-231.941611618038
-231.934375250358
-231.939806086965
-231.932006853235
-231.934601940342
-231.938798284699
-231.939396560662
-231.935017672167
-231.93446835831
-231.934474015773
-231.93768336738
-231.935939000271
-231.938881437355
-231.940731300409
-231.936872760158
-231.937226726453
-231.931295223855
-231.924628324792
-231.940996339111
-231.938378746002
-231.937196344461
-231.941268734496
-231.939584242046
-231.927988692594
-231.943539435161
-231.940830621376
-231.942094878614
-231.934902727525
-231.92957470505
-231.941282804677
-231.940124546749
-231.94293367165
-231.93333488103
-231.931625123126
-231.943068504504
-231.930073310487
-231.934208044118
-231.934549742148
-231.93669313204
-231.938301978961
-231.938233501804
-231.933540338063
-231.944130798039
-231.938746506446
-231.936919761242
-231.929092141007
-231.936947925287
-231.940265161593
-231.937468425474
-231.940941067827
-231.933245832663
-231.938037649656
-231.937584675231
-231.943219635304
-231.940287368749
-231.92727593686
-231.931640896289
-231.93792858892
-231.934709079736
-231.941176795123
-231.940619817902
-231.940932028456
-231.937159460499
-231.938573803184
-231.930638612971
-231.938846235465
-231.931986390125
-231.93214572407
-231.933115420896
-231.935966280499
-231.936856972686
-231.932244750366
-231.932380780064
-231.938419894633
-231.936744405401
-231.936441252995
-231.933782811643
-231.938505759918
-231.931322637015
-231.940169689061
-231.931375607377
-231.936133427303
-231.928931986765
-231.937025444835
-231.941845768236
-231.938358134471
-231.937484812772
-231.940893918474
-231.939042825369
-231.932978657701
-231.942633924564
-231.938034395804
-231.943446662046
-231.939199363323
-231.938726574346
-231.934165194892
-231.932275717303
-231.939783462871
-231.938235208957
-231.933117563492
-231.933650085437
-231.935053661356
-231.94215315165
-231.94220099367
-231.937820051356
-231.938786020868
-231.937887325746
-231.931887499409
-231.940469929193
-231.933018396969
-231.935705517825
-231.939121064712
-231.937525438724
-231.938323819722
-231.934673805354
-231.935089692353
-231.942471029615
-231.938159777882
-231.937882609156
-231.932925610504
-231.938031817759
-231.939147243217
-231.938137706079
-231.9423255872
-231.933838904461
-231.94242590618
-231.940531169915
-231.938959922801
-231.936512604879
-231.925327199384
-231.934139731212
-231.939634549659
-231.93230360211
-231.93480220603
-231.93558783413
-231.938769454679
-231.941239682494
-231.937962536515
-231.939429049676
-231.938688140262
-231.939841438899
-231.939318998374
-231.938581765636
-231.939624991824
-231.931989128816
-231.938177222612
-231.930517279463
-231.938369556208
-231.940745686366
-231.936592133619
-231.939365051384
-231.940077597114
-231.940599309392
-231.937893715035
-231.941338363381
-231.943418333466
-231.940379757127
-231.931642745898
-231.936351962395
-231.936006000915
-231.944153695175
-231.940130203913
-231.942232223991
-231.933462606089
-231.941628343326
-231.936918893831
-231.935730787845
-231.93842969685
-231.936647930346
-231.935509688691
-231.935876637681
-231.934669463403
-231.945459558529
-231.939398426032
-231.937370348348
-231.931302397261
-231.937590527925
-231.94129734875
-231.942583837325
-231.941641295019
-231.937531850562
-231.934620870048
-231.935412417052
-231.941164652919
-231.939255002974
-231.93866449882
-231.942499250797
-231.937885930415
-231.940753427318
-231.940175522371
-231.941157944867
-231.937895025104
-231.939009916039
-231.932903000215
-231.934729932023
-231.935259932171
-231.940654977067
-231.940154402343
-231.936596276749
-231.941892371005
-231.934761768439
-231.942465591182
-231.935729637998
-231.938527290723
-231.934248239109
-231.938512188953
-231.93887201042
-231.93411779418
-231.939886190314
-231.932019247261
-231.938379576105
-231.931339590158
-231.940658517871
-231.935719753578
-231.932696511404
-231.940632928172
-231.933941494735
-231.940672225356
-231.933290052696
-231.934198052521
-231.933016765469
-231.936952507406
-231.933389913513
-231.940083368801
-231.935254045376
-231.94214686966
-231.930850891988
-231.94246354618
-231.937404273495
-231.933947761727
-231.937500699675
-231.940735321458
-231.931995947783
-231.937021325104
-231.936713123832
-231.939481900633
-231.935467241829
-231.940431425198
-231.931938076447
-231.93924779013
-231.935989723005
-231.933683964016
-231.940891214972
-231.936522386972
-231.934358002788
-231.938529852683
-231.932853023038
-231.939004490006
-231.933436838738
-231.935531995116
-231.937699327679
-231.936869185407
-231.941168941767
-231.931768062964
-231.941159662126
-231.934524508427
-231.938477120378
-231.935101776421
-231.943475343743
-231.932224729293
-231.930272499652
-231.932493088088
-231.939970621831
-231.937480489197
-231.937201121212
-231.938936880697
-231.936188743934
-231.937596343172
-231.9386533435
-231.938561839749
-231.944404233935
-231.937206772873
-231.936726056298
-231.940486265084
-231.942377274696
-231.934707033577
-231.945196829971
-231.935354240804
-231.938805468945
-231.940752942191
-231.933681773715
-231.938298744721
-231.941279598786
-231.936997146835
-231.941924372769
-231.9370287177
-231.935783804424
-231.929709890822
-231.936352039728
-231.930278582806
-231.93447122924
-231.936624104056
-231.936235984647
-231.939416272731
-231.93864755468
-231.935644903401
-231.936085493017
-231.936764430598
-231.930334691158
-231.939860236182
-231.937261818514
-231.933499846421
-231.941788191572
-231.939791133853
-231.938915070396
-231.937317371412
-231.937406562851
-231.938170827969
-231.940135860169
-231.941903284479
-231.940414176547
-231.939270645037
-231.935202528156
-231.939230455241
-231.940749840916
-231.935458260388
-231.939515211442
-231.932769038959
-231.935097881192
-231.941016986827
-231.93924873761
-231.93487310785
-231.939451752268
-231.929767881782
-231.937338011043
-231.94117674828
-231.940800767004
-231.94461291972
-231.936573579059
-231.938263716548
-231.936236445545
-231.92994250652
-231.940314466918
-231.934497909062
-231.93937121951
-231.930205174344
-231.935814612134
-231.934680968437
-231.935575252921
-231.93653599982
-231.936406910039
-231.936469798365
-231.939315377634
-231.93863424525
-231.933535048055
-231.935776918025
-231.933625588054
-231.933510974995
-231.940903885083
-231.935367447471
-231.932387914555
-231.93462878777
-231.943349025606
-231.935129457651
-231.937046279779
-231.938999674987
-231.938071317021
-231.930992396919
-231.93614142863
-231.938486269194
-231.94681195768
-231.942985213941
-231.92897683338
-231.934608080114
-231.938677488141
-231.943380580959
-231.936436085846
-231.934417521897
-231.942648285666
-231.938218248805
-231.941199375005
-231.938833758569
-231.931868766112
-231.935441208221
-231.936866890599
-231.941379863139
-231.938105819785
-231.937011449102
-231.943267789461
-231.934440204445
-231.933546670107
-231.934646396759
-231.937811221419
-231.936698010945
-231.940129178506
-231.93551147534
-231.936206806049
-231.936557249436
-231.93816231078
-231.936954940296
-231.942264710935
-231.933203146241
-231.941068204543
-231.940571208769
-231.938578711081
-231.935812485256
-231.934711330671
-231.93655535252
-231.936898340691
-231.935647196315
-231.937211213117
-231.933913021036
-231.933503732924
-231.934720615613
-231.932733941145
-231.934880160554
-231.933486951467
-231.932899733847
-231.940199174373
-231.936334502321
-231.93768336738
-231.939109133107
-231.936473797674
-231.943651925853
-231.933656557257
-231.936567760636
-231.935388409056
-231.938031315679
-231.938372400722
-231.939686061879
-231.933041862139
-231.939093561307
-231.937898821058
-231.943814601334
-231.930243627813
-231.940878678045
-231.938416928978
-231.939591391193
-231.937837895917
-231.937516316201
-231.934053677918
-231.937989609005
-231.937158912167
-231.938633560555
-231.939254242836
-231.936814314286
-231.934291200182
-231.937589145179
-231.931083718601
-231.938331999242
-231.943766434317
-231.933644203326
-231.944413818229
-231.936508512951
-231.941182495123
-231.929643209898
-231.932788456949
-231.9379018889
-231.943734257317
-231.935545353515
-231.938674229439
-231.939235215691
-231.93957084333
-231.941098034636
-231.939350781587
-231.934760777942
-231.939170904139
-231.935160846084
-231.938610301241
-231.935145568419
-231.934769373772
-231.937193145278
-231.935348009161
-231.939257410172
-231.940119935132
-231.938238038716
-231.941071654198
-231.944041283902
-231.940838720043
-231.933990880292
-231.942106557891
-231.937550152974
-231.93650913035
-231.934137783407
-231.9350225803
-231.932337426291
-231.934496404551
-231.935359450956
-231.939874403764
-231.932667558393
-231.935726686335
-231.934820518331
-231.927299853751
-231.940845682312
-231.93989986722
-231.937457939339
-231.935093324969
-231.939704169113
-231.936706806588
-231.937021417423
-231.925392634993
-231.930747038311
-231.938547443176
-231.935267724667
-231.936606134619
-231.935023479188
-231.940638774779
-231.940852974667
-231.943873352262
-231.938541723189
-231.93946129773
-231.937148868294
-231.929781774885
-231.932159536548
-231.937937946559
-231.935953713503
-231.937555524597
-231.942221121451
-231.93625168592
-231.940497195453
-231.933396941108
-231.939238668904
-231.938190998174
-231.934571440953
-231.943038449302
-231.936384524177
-231.939907538728
-231.933760825782
-231.940604127852
-231.938354288078
-231.935477641922
-231.932981085444
-231.933514304946
-231.942324756139
-231.929304158403
-231.937075642334
-231.940486120906
-231.941045082935
-231.945610440245
-231.934513223222
-231.937355813936
-231.942100927558
-231.939082069357
-231.938468220479
-231.933271929647
-231.940637960053
-231.933738363373
-231.939605198842
-231.934219113335
-231.935483878658
-231.938679881561
-231.936070988182
-231.931425494436
-231.938399963125
-231.940777537613
-231.938052576219
-231.931393388402
-231.938202348352
-231.936879165486
-231.936588157441
-231.942883925147
-231.94079821871
-231.938574763623
-231.934198154307
-231.936113687534
-231.940231626259
-231.935219849394
-231.940165979226
-231.938883829866
-231.936268029974
-231.934129830418
-231.938933327251
-231.934076713139
-231.939151448148
-231.942331446189
-231.938495488119
-231.937962483097
-231.935324242837
-231.93195272847
-231.936231975869
-231.938593051281
-231.938655001079
-231.93524633799
-231.930360063435
-231.933308285082
-231.936143228606
-231.938606023115
-231.937626913704
-231.938712337599
-231.941372361861
-231.938988267926
-231.944290802168
-231.937703384674
-231.941096489066
-231.937634084658
-231.932847663961
-231.939891601401
-231.939572837344
-231.936229963664
-231.931444484902
-231.940938922789
-231.940836334502
-231.929474619059
-231.93860233854
-231.939112694977
-231.933886566395
-231.93967071545
-231.935466394185
-231.934923504673
-231.932980334736
-231.940014401126
-231.93295655959
-231.938899676603
-231.929489434321
-231.930963990088
-231.938452034951
-231.938103885694
-231.934023583673
-231.937517785649
-231.93742365055
-231.938071043044
-231.935698996255
-231.939636463084
-231.936603738706
-231.940457958973
-231.933197187582
-231.935793142013
-231.940214877442
-231.939201375536
-231.938906815634
-231.932800344139
-231.933534613472
-231.937734649894
-231.935424959974
-231.94207873338
-231.939591053745
-231.938872964023
-231.940333351083
-231.93720901814
-231.943353988228
-231.938687747486
-231.936574698921
-231.938505332564
-231.937559405334
-231.93366492749
-231.938669278827
-231.935968819394
-231.93189359817
-231.938791803547
-231.934049187314
-231.943932188672
-231.940582849276
-231.94145299951
-231.933316249943
-231.934623317916
-231.932943257272
-231.934963307406
-231.938517269907
-231.937115989828
-231.941739729341
-231.937313960711
-231.94294788129
-231.935493324589
-231.934080713701
-231.936898041987
-231.93788019703
-231.939598529599
-231.937270408485
-231.940500471007
-231.941485499483
-231.934571244676
-231.943080162316
-231.936685391635
-231.940628434821
-231.939100653274
-231.934343705899
-231.936401279693
-231.932725364053
-231.940448182423
-231.943664323413
-231.936086271155
-231.937813463418
-231.938362837403
-231.940397844115
-231.937225392848
-231.936112773429
-231.93761761914
-231.938604780404
-231.938398617704
-231.931296494857
-231.932045568037
-231.940485095864
-231.937162721793
-231.936535692053
-231.942016340707
-231.939643432368
-231.937001213692
-231.932951337764
-231.933328844337
-231.941830269797
-231.935488587135
-231.928857001984
-231.942118956597
-231.940348828542
-231.935116505219
-231.937752198839
-231.941396333727
-231.942142526378
-231.932631947453
-231.937910029536
-231.933222040971
-231.936564287616
-231.932261745775
-231.938947154612
-231.942010474822
-231.938185383889
-231.94027782815
-231.938422343647
-231.940734801887
-231.938973030882
