-158.1505258
-158.1406784
-158.1279661
-158.1365689
-158.1347992
-158.1376756
-158.141021
-158.1364619
-158.1328787
-158.1328048
-158.1274967
-158.1310109
-158.1282047
-158.1345101
-158.1388061
-158.134732
-158.138873
-158.1358086
-158.1386082
-158.1377438
-158.1383995
-158.1370541
-158.1264728
-158.1423233
-158.1346699
-158.1363341
-158.1349119
-158.1395245
-158.1361954
-158.1269759
-158.1409269
-158.1334635
-158.1322803
-158.1354476
-158.1301054
-158.128836
-158.1351848
-158.1314935
-158.141438
-158.1313187
-158.1390082
-158.1317321
-158.1451269
-158.1372725
-158.1363963
-158.1333757
-158.1246933
-158.1350338
-158.135138
-158.1301388
-158.1246031
-158.1264963
-158.1374118
-158.1372771
-158.1341684
-158.1369083
-158.1343026
-158.130853
-158.1371572
-158.1259254
-158.1307002
-158.130366
-158.1391987
-158.13213
-158.1317757
-158.1361004
-158.1305551
-158.1312136
-158.1275144
-158.1219289
-158.1266929
-158.1302549
-158.1317948
-158.1299501
-158.1279586
-158.1312205
-158.1298461
-158.1342839
-158.1307928
-158.1296937
-158.1318097
-158.1298087
-158.1342874
-158.1287685
-158.1264579
-158.1348315
-158.139666
-158.136443
-158.1347515
-158.1353793
-158.1304516
-158.1391146
-158.1260857
-158.138461
-158.1282504
-158.1346574
-158.1379959
-158.1301442
-158.1384534
-158.1364159
-158.1353682