-158.2135113
-158.2014126
-158.1899509
-158.199422
-158.1961638
-158.1982028
-158.2015865
-158.2009872
-158.192222
-158.1961651
-158.194574
-158.1875066
-158.1939188
-158.196534
-158.198
-158.1990556
-158.2005124
-158.1998876
-158.1995542
-158.2001257
-158.2017189
-158.1990729
-158.1883158
-158.2044168
-158.1974422
-158.1965726
-158.19583
-158.2025453
-158.1987112
-158.1896251
-158.2023472
-158.1958968
-158.1964398
-158.1971236
-158.1938567
-158.1909634
-158.196627
-158.1953237
-158.2021477
-158.1962966
-158.1961706
-158.1977769
-158.2043915
-158.1979744
-158.2011081
-158.1918042
-158.1889159
-158.1972588
-158.1976469
-158.1899986
-158.1832002
-158.1910886
-158.1994478
-158.1981322
-158.1985903
-158.1978206
-158.1964306
-158.1941389
-158.2001347
-158.1876709
-158.1939532
-158.1945613
-158.2006306
-158.195946
-158.1955563
-158.1961748
-158.1965404
-158.1892263
-158.1947627
-158.1831388
-158.1890923
-158.1936871
-158.1923737
-158.1937784
-158.1866878
-158.1956386
-158.1901746
-158.1975173
-158.1946051
-158.1911088
-158.1951419
-158.1912764
-158.1953479
-158.192451
-158.1873955
-158.197361
-158.2022764
-158.1981594
-158.196155
-158.1995426
-158.1918844
-158.2021053
-158.1897087
-158.1989596
-158.1924623
-158.1942683
-158.2002081
-158.1947585
-158.1983641
-158.200216
-158.1972256