-154.5921557
-154.5918337
-154.5857396
-154.593347
-154.5881817
-154.5873091
-154.5940264
-154.5902937
-154.586824
-154.5925879
-154.5837122
-154.5863573
-154.5911745
-154.5896572
-154.5876586
-154.585881
-154.5825533
-154.5897327
-154.5891635
-154.5869153
-154.5906922
-154.5877558
-154.5927079
-154.5867913
-154.5795701
-154.586181
-154.5881796
-154.5849972
-154.5884295
-154.5774373
-154.5844757
-154.5889892
-154.5836935
-154.5844803
-154.5948195
-154.5881439
-154.5882134
-154.5898025
-154.5789751
-154.5825587
-154.5779441
-154.5878076
-154.5911335
-154.5834684
-154.5929428
-154.5912901
-154.5878587
-154.575537
-154.5889422
-154.587944
-154.5899446
-154.5784622
-154.5865078
-154.5835016
-154.5831088
-154.5768269
-154.5902452
-154.5841677
-154.5890785
-154.5861186
-154.5929102
-154.5891541
-154.5923053
-154.594886
-154.5918136
-154.5904573
-154.5880072
-154.5960314
-154.5914439
-154.5925223
-154.586039
-154.5860244
-154.5842939
-154.5884912
-154.5818509
-154.5845729
-154.5816186
-154.587167
-154.5847246
-154.5908382
-154.5879553
-154.5870032
-154.5784977
-154.5865607
-154.5880491
-154.5921094
-154.5849595
-154.5882351
-154.5841112
-154.5800669
-154.5846614
-154.5844197
-154.5901199
-154.5881564
-154.5821795
-154.5902335
-154.5864853
-154.5889408
-154.5937299
-154.5875666
-154.5865317
-154.585537
-154.5854126
-154.5859971
-154.5924343
-154.585593
-154.5884855
-154.5883802
-154.589116
-154.5801525
-154.5730702
-154.5859167
-154.5814017
-154.585597
-154.5838894
-154.5875332
-154.5874633
-154.5913139
-154.5952318
-154.582304
-154.5934102
-154.5909351
-154.5930774
-154.5871323
-154.590521
-154.5913886
-154.5893133
-154.5896332
-154.5850143
-154.5889655
-154.5845623
-154.5857796
-154.5876546
-154.5857755
-154.5939811
-154.5910157
-154.5940204
-154.5846163
-154.5845117
-154.5863127
-154.5889438
-154.5883644
-154.5870715
-154.5862148
-154.5861406
-154.5835867
-154.5823635
-154.5857024
-154.5863171
-154.5889457
-154.5907095
-154.5891422
-154.5900682
-154.5893057
-154.589652
-154.5885848
-154.589611
-154.589722
-154.5912347
-154.5905575
-154.5900697
-154.5872232
-154.588823
-154.5845507
-154.5878397
-154.5858057
-154.5914816
-154.579922
-154.5798528
-154.5890536
-154.5938036
-154.5889609
-154.59263
-154.5889134
-154.5840609
-154.589986
-154.5922388
-154.5911003
-154.5929081
-154.5864721
-154.5911132
-154.5913464
-154.5916995
-154.5878014
-154.5928375
-154.5876797
-154.5926521
-154.5866274
-154.5905324
-154.5884674
-154.5863253
-154.5874281
-154.5881885
-154.5864392
-154.5908889
-154.592387
-154.5894609
-154.5927442
-154.5901369
-154.5903758
-154.593195
-154.5823673
-154.5904802
-154.5868876
-154.5894913
-154.5900422
-154.5853881
-154.5874233
-154.5812386
-154.5900796
-154.5815237
-154.5896521
-154.5866831
-154.5848865
-154.5866238
-154.5894222
-154.5882084
-154.593167
-154.5833625
-154.5945116
-154.5870734
-154.5885433
-154.5911896
-154.5844242
-154.5886539
-154.5918943
-154.5907605
-154.5910398
-154.5866201
-154.5971266
-154.589974
-154.5917429
-154.5923735
-154.5847357
-154.5817872
-154.5793637
-154.5832294
-154.5808099
-154.5917079
-154.5837893
-154.5821562
-154.5873235
-154.5942243
-154.5859504
-154.592715
-154.581699
-154.5879788
-154.5918019
-154.5927717
-154.5918827
-154.5902741
-154.5928913
-154.5859409
-154.5876707
-154.589086
-154.591028
-154.591182
-154.5848952
-154.5852222
-154.58325
-154.5838112
-154.5891158
-154.5861745
-154.5864868
-154.5835582
-154.5833277
-154.5907703
-154.5845562
-154.5853176
-154.5891422
-154.5839483
-154.5874895
-154.5838049
-154.5886623
-154.5916175
-154.5925676
-154.5924805
-154.5921226
-154.5847318
-154.5847773
-154.5897299
-154.5908788
-154.5834093
-154.5831815
-154.5827471
-154.5900128
-154.5885337
-154.5784403
-154.588277
-154.5899029
-154.5851507
-154.5887993
-154.5859002
-154.5880795
-154.5878799
-154.588061
-154.5921989
-154.58948
-154.5847886
-154.5899889
-154.5865344
-154.5887151
-154.5920907
-154.5863886
-154.5962127
-154.585073
-154.584384
-154.5904329
-154.5950341
-154.588504
-154.5851731
-154.5837195
-154.58961
-154.5887292
-154.586041
-154.5929877
-154.5856335
-154.5944101
-154.5863724
-154.5883196
-154.5929325
-154.5858738
-154.5908403
-154.5882695
-154.5863749
-154.5887841
-154.5932241
-154.5864948
-154.5870592
-154.5926442
-154.5901498
-154.5888529
-154.5813125
-154.577325
-154.5803524
-154.5885848
-154.5785914
-154.5820059
-154.5899964
-154.58944
-154.5925473
-154.5878837
-154.5946184
-154.5895528
-154.5847958
-154.5885579
-154.5877693
-154.5862607
-154.5835737
-154.5915307
-154.5873286
-154.5911398
-154.590673
-154.5906077
-154.5886552
-154.5919279
-154.5918762
-154.5912612
-154.5895193
-154.5855212
-154.5960643
-154.5842072
-154.5865217
-154.5882257
-154.5886449
-154.5927888
-154.586175
-154.588859
-154.5892023
-154.5782572
-154.5873727
-154.5920705
-154.5843766
-154.5833721
-154.590016
-154.5883274
-154.5895594
-154.5872232
-154.5813677
-154.5855191
-154.5868425
-154.5857942
-154.5896723
-154.5856772
-154.5867334
-154.5878188
-154.5864443
-154.5900801
-154.5948278
-154.5914874
-154.5898825
-154.5881857
-154.5884812
-154.5878686
-154.5891204
-154.5808167
-154.5859944
-154.5876631
-154.5922148
-154.5872884
-154.589845
-154.5930418
-154.584907
-154.5933258
-154.5802045
-154.5903999
-154.5861422
-154.5888013
-154.5877416
-154.5909319
-154.5905622
-154.5894181
-154.5884371
-154.5916045
-154.5916989
-154.5934978
-154.5882019
-154.5863863
-154.5784757
-154.5847684
-154.5855492
-154.5819523
-154.5887467
-154.5787013
-154.5857272
-154.5873762
-154.5908171
-154.5837021
-154.591572
-154.5916936
-154.5854693
-154.5887861
-154.590451
-154.5874985
-154.590907
-154.5876178
-154.5820422
-154.5946371
-154.5886654
-154.590368
-154.5767667
-154.5919689
-154.5808598
-154.5917248
-154.5859104
-154.5874014
-154.5854364
-154.5863554
-154.5864903
-154.5942882
-154.5864373
-154.5903332
-154.5880152
-154.5882562
-154.5880545
-154.5879495
-154.5932944
-154.5915271
-154.587886
-154.5808863
-154.5903099
-154.5847568
-154.582861
-154.5898234
-154.5845946
-154.5887893
-154.590353
-154.5774222
-154.5827848
-154.5955427
-154.5903267
-154.5833902
-154.5884862
-154.5849058
-154.5821186
-154.5868422
-154.5874265
-154.5900734
-154.5893762
-154.5941529
-154.5926712
-154.587492
-154.5923543
-154.589097
-154.586628
-154.5946391
-154.5889875
-154.5862724
-154.5873732
-154.5882902
-154.5913637
-154.5905105
-154.5885552
-154.5914097
-154.5911325
-154.5869199
-154.5832973
-154.5860164
-154.5925197
-154.5945129
-154.5876065
-154.5847843
-154.5901598
-154.5865337
-154.5917122
-154.5885945
-154.5946142
-154.595429
-154.5928825
-154.5870688
-154.5888984
-154.5901909
-154.5880576
-154.5882932
-154.5891896
-154.5911793
-154.5883243
-154.5891904
-154.585771
-154.5868752
-154.5845317
-154.5934644
-154.5905634
-154.5851623
-154.585766
-154.5851126
-154.5890626
-154.5889797
-154.5941747
-154.5881639
-154.5897076
-154.5844355
-154.5847709
-154.5912205
-154.5891605
-154.5940168
-154.5916338
-154.586982
-154.5924113
-154.5869992
-154.5912592
-154.5853314
-154.5866371
-154.5800047
-154.592821
-154.5891416
-154.5913259
-154.5884484
-154.5852155
-154.5888598
-154.58454
-154.5850413
-154.5843339
-154.5866011
-154.5933143
-154.5870824
-154.5919322
-154.5887507
-154.5864152
-154.5884791
-154.590419
-154.5874386
-154.5885708
-154.5919485
-154.5884609
-154.5884065
-154.594726
-154.5849417
-154.5912224
-154.5871139
-154.5878969
-154.5869514
-154.5955418
-154.5886004
-154.5868944
-154.5881155
-154.5925731
-154.5903469
-154.583848
-154.5898851
-154.5886196
-154.589385
-154.5846219
-154.5827099
-154.5869556
-154.594361
-154.5855778
-154.5926215
-154.5910033
-154.5910024
-154.5892889
-154.5876394
-154.5889347
-154.5937252
-154.5883383
-154.586483
-154.5909755
-154.5900038
-154.5883845
-154.5887075
-154.5867866
-154.5843295
-154.5866082
-154.5833248
-154.5905388
-154.5913946
-154.5901317
-154.5885648
-154.5884777
-154.5888622
-154.5832936
-154.5944034
-154.5795227
-154.5916697
-154.5926485
-154.5869165
-154.5928748
-154.593604
-154.5880008
-154.5791061
-154.5779136
-154.589196
-154.5835113
-154.5867332
-154.5878037
-154.5820552
-154.5863042
-154.5883174
-154.5866524
-154.5886009
-154.5876747
-154.5924799
-154.5943199
-154.5913447
-154.5948508
-154.5892819
-154.5875457
-154.5788028
-154.5940465
-154.580209
-154.5880967
-154.5882138
-154.5862749
-154.5887889
-154.5872288
-154.5899978
-154.5928118
-154.5922246
-154.5858879
-154.5896009
-154.5879301
-154.5890517
-154.5903493
-154.5900004
-154.586608
-154.5871443
-154.5887578
-154.5903986
-154.5932341
-154.5869702
-154.5878031
-154.5943656
-154.5825737
-154.5852234
-154.5852849
-154.5833377
-154.5871718
-154.5913012
-154.5922831
-154.5874653
-154.5924592
-154.5886767
-154.5963126
-154.587823
-154.5786183
-154.5813865
-154.5852408
-154.5904429
-154.5889901
-154.5865666
-154.5890148
-154.5842487
-154.5959807
-154.5896134
-154.5914295
-154.5858954
-154.5850394
-154.5864203
-154.5888813
-154.5891279
-154.5852893
-154.5874868
-154.5853471
-154.5874404
-154.5883977
-154.5817318
-154.5897213
-154.5798149
-154.5878835
-154.5927328
-154.5838053
-154.5900306
-154.5909126
-154.5878289
-154.5915194
-154.58823
-154.5836543
-154.5887677
-154.5852798
-154.583933
-154.5887321
-154.5920205
-154.5932074
-154.5919182
-154.5914119
-154.5914364
-154.5888392
-154.5873215
-154.5844165
-154.5955551
-154.5900829
-154.5891972
-154.5833985
-154.5884641
-154.5837353
-154.5856496
-154.5881798
-154.5857396
-154.5904792
-154.5890886
-154.5897789
-154.588986
-154.5915691
-154.5919564
-154.5859377
-154.5883964
-154.5894527
-154.5754664
-154.5935085
-154.5865695
-154.5903501
-154.5815552
-154.5869676
-154.5841526
-154.5854773
-154.5801817
-154.5826336
-154.5883943
-154.5876253
-154.5922918
-154.5884305
-154.5894798
-154.5883331
-154.5881681
-154.5902705
-154.5916579
-154.5915838
-154.5896471
-154.594841
-154.5916322
-154.5953647
-154.5867833
-154.5880321
-154.5941544
-154.5885407
-154.58949
-154.590339
-154.5901089
-154.5901429
-154.5898936
-154.5946255
-154.5862142
-154.5832444
-154.5917361
-154.5824423
-154.5908835
-154.5887387
-154.5937009
-154.5858323
-154.5886557
-154.5846794
-154.5845763
-154.5884322
-154.5937767
-154.5912529
-154.5867289
-154.5898569
-154.5869782
-154.5941265
-154.5842262
-154.5879011
-154.587765
-154.586769
-154.5925576
-154.5925736
-154.5828851
-154.5849085
-154.591591
-154.5918972
-154.583679
-154.5875623
-154.5918118
-154.586735
-154.5921093
-154.5845533
-154.5890249
-154.5886131
-154.5882502
-154.5923687
-154.58746
-154.5913771
-154.5855762
-154.5907235
-154.5906289
-154.5870077
-154.5907933
-154.5817218
-154.5796931
-154.5884478
-154.5878671
-154.5839679
-154.5886198
-154.5870266
-154.5872928
-154.5901787
-154.5907346
-154.5890496
-154.5872103
-154.5908448
-154.5928467
-154.584704
-154.5863693
-154.5838477
-154.5901283
-154.5889204
-154.5920241
-154.5882238
-154.586813
-154.5809599
-154.5846834
-154.588313
-154.5851735
-154.5928516
-154.5873925
-154.5878137
-154.5889475
-154.5865785
-154.5875656
-154.5882336
-154.5951671
-154.5906589
-154.592044
-154.5911692
-154.5883146
-154.5898766
-154.5861902
-154.5746576
-154.5813722
-154.593975
-154.5893024
-154.5841544
-154.5936872
-154.5869096
-154.58502
-154.5919624
-154.5860537
-154.5924794
-154.5881216
-154.587634
-154.589695
-154.5950638
-154.5872422
-154.593402
-154.5845134
-154.5869609
-154.594747
-154.5959859
-154.5890656
-154.5899338
-154.5921477
-154.5837986
-154.5911543
-154.5884822
-154.594019
-154.5873217
-154.5862134
-154.5909826
-154.5881915
-154.5859238
-154.5877643
-154.5937819
-154.5895576
-154.5939794
-154.593531
-154.5874826
-154.5854498
-154.5874677
-154.5814869
-154.5826498
-154.5886184
-154.5858112
-154.582521
-154.5889718
-154.5888413
-154.5933308
-154.585839
-154.5857329
-154.5863515
-154.5865565
-154.5853124
-154.5884923
-154.5841349
-154.5923319
-154.5905106
-154.5870715
-154.5851386
-154.5872063
-154.5897581
-154.5886804
-154.5875397
-154.597072
-154.5932934
-154.591429
-154.5817259
-154.5881331
-154.5833689
-154.5776315
-154.5853711
-154.5899677
-154.5848448
-154.5886327
-154.5839517
-154.59154
-154.5904666
-154.5863218
-154.5877947
-154.5871769
-154.5885147
-154.589352
-154.58089
-154.5906909
-154.596373
-154.5928047
-154.5929807
-154.588604
-154.5894236
-154.5871463
-154.5901364
-154.5935095
-154.5921014
-154.59266
-154.5870408
-154.5843486
-154.5856253
-154.5906909
-154.5912085
-154.5892993
-154.5881675
-154.5889179
-154.578387
-154.5844598
-154.5897899
-154.5915603
-154.5916892
-154.5871205
-154.5830185
-154.5884733
-154.5875994
-154.5918845
-154.5892857
-154.5877261
-154.5904417
-154.5905438
-154.5879765
-154.5889635
-154.5865899
-154.5926202
-154.5784789
-154.5878817
-154.5792533
-154.5864614
-154.5857566
-154.5921088
-154.5888407
-154.5906138
-154.5891581
-154.5893932
-154.5840153
-154.5912895
-154.5894167
-154.5883719
-154.5883093
-154.5910548
-154.5906836
-154.5833584
-154.5916177
-154.5905604
-154.5911911
-154.5912912
-154.591337