-154.818435390829
-154.818163415597
-154.812580515167
-154.819341819987
-154.814492920594
-154.81417607929
-154.819772181042
-154.816668958014
-154.814416795498
-154.819235439079
-154.810603859103
-154.813184172205
-154.817529746607
-154.815554651267
-154.814698888885
-154.811930872088
-154.810191500644
-154.815601106346
-154.815736891189
-154.814370849073
-154.817473995252
-154.814097025297
-154.819304042653
-154.813568266357
-154.806980662643
-154.812344136834
-154.814734605209
-154.81214231014
-154.815056862557
-154.80610503561
-154.811154216348
-154.815745447615
-154.809827916745
-154.811259297092
-154.820541229312
-154.814966127819
-154.814403357145
-154.816284026599
-154.806084740048
-154.809757322531
-154.804822639473
-154.814325838078
-154.816844766935
-154.811001799689
-154.819119103716
-154.817548207555
-154.814360236103
-154.802786283457
-154.815826662667
-154.814777885017
-154.81696709951
-154.805911690703
-154.813916242944
-154.810320832799
-154.810152698087
-154.804395991129
-154.817050756678
-154.811647391474
-154.814844371322
-154.813012764159
-154.818407433531
-154.815483744437
-154.818827495217
-154.820593982054
-154.818550476066
-154.817037871441
-154.813831254155
-154.821959466171
-154.817424276906
-154.818310925718
-154.812975255085
-154.812465153265
-154.811820174138
-154.814551018269
-154.809542591827
-154.811026681434
-154.808879315699
-154.813687147008
-154.811120780309
-154.816740575275
-154.814561515408
-154.813811373484
-154.805723085721
-154.813209903203
-154.814706225761
-154.817607853343
-154.811950489807
-154.814296462136
-154.811150476319
-154.806621317685
-154.811549237893
-154.810871462233
-154.815929615262
-154.81477709314
-154.809167470234
-154.816451561474
-154.813162256954
-154.814574357238
-154.820289920422
-154.813579144028
-154.813235668484
-154.812867352463
-154.812448125654
-154.81263645694
-154.818650592207
-154.812365902592
-154.814649848621
-154.814624569149
-154.814956419811
-154.808188297894
-154.801399864126
-154.812044499612
-154.809084955795
-154.812113353164
-154.810387135146
-154.814282765236
-154.814064992023
-154.817044244861
-154.821117032836
-154.80977023287
-154.819533190101
-154.817509578391
-154.8195101994
-154.813503557985
-154.816948348297
-154.817535723463
-154.816259772122
-154.815340147193
-154.811173228464
-154.815915475023
-154.8108562035
-154.813007934411
-154.813964568958
-154.812913311167
-154.819973309837
-154.817671274784
-154.819851149125
-154.811403855756
-154.811330210809
-154.813075890337
-154.815487988354
-154.815267187851
-154.813312437002
-154.81254670301
-154.812159248379
-154.810501528847
-154.809755987631
-154.811589646743
-154.813511731746
-154.815063939998
-154.81697246773
-154.815861259067
-154.816311621765
-154.815605753084
-154.816330445302
-154.814623049359
-154.815317012146
-154.815917870342
-154.817703194971
-154.816674945969
-154.816456867137
-154.813012245868
-154.816093393039
-154.811303124403
-154.81478209155
-154.813132942196
-154.817757014337
-154.805892889338
-154.807047933738
-154.815184106204
-154.82030435436
-154.814953340336
-154.819249243859
-154.815122320965
-154.811387019295
-154.816136921067
-154.818459110598
-154.81812334078
-154.818429357811
-154.813672649962
-154.817226924649
-154.817692222865
-154.817896513659
-154.814439725973
-154.819013840266
-154.81412511282
-154.819017588275
-154.812851035262
-154.817541405773
-154.814745874733
-154.813187206124
-154.814084990122
-154.814957632587
-154.813505766376
-154.817580940068
-154.817858860242
-154.816655105788
-154.819101481273
-154.816633477305
-154.81653356658
-154.819788347529
-154.809744293258
-154.816639637808
-154.813700075554
-154.815436017342
-154.816162420314
-154.811920347894
-154.814189830165
-154.808579384809
-154.816540855946
-154.808492356941
-154.816125818332
-154.812745784642
-154.812255843593
-154.813218537122
-154.816401943931
-154.815205390878
-154.818990573632
-154.809939012203
-154.820296063625
-154.813785225022
-154.815091581982
-154.817524335505
-154.811362735665
-154.814566866477
-154.818514144245
-154.816893956193
-154.817113644421
-154.813358793069
-154.822584293095
-154.816257986801
-154.818206969162
-154.818117970968
-154.811934732108
-154.809304501635
-154.806303575787
-154.810870704432
-154.808451142852
-154.818300608484
-154.810264811634
-154.809431828683
-154.813937578142
-154.820004708253
-154.812995080955
-154.818863625416
-154.809318836461
-154.814179485266
-154.817529883293
-154.818926852608
-154.818305458104
-154.817145327347
-154.818571591025
-154.81297449058
-154.814046144018
-154.815011337811
-154.817672253902
-154.817981916362
-154.812252157543
-154.811413766966
-154.810236971739
-154.810330661074
-154.816250883755
-154.813261835296
-154.81340002209
-154.810558010744
-154.810497316227
-154.816954179925
-154.811859122676
-154.811530602457
-154.81601765126
-154.810159020377
-154.814727276545
-154.810899470175
-154.81542839392
-154.817505750439
-154.818709071189
-154.818932006305
-154.817740984317
-154.811447786806
-154.811193998926
-154.816251450513
-154.817389582086
-154.810330937657
-154.811245025567
-154.809779438236
-154.816335160938
-154.815354230323
-154.80608364862
-154.814921352159
-154.816529283775
-154.811471490859
-154.815541868242
-154.812798042647
-154.814377908172
-154.8143994975
-154.814268527385
-154.818689420949
-154.815857610984
-154.812223278595
-154.815591532824
-154.813439977993
-154.815025876672
-154.817965954564
-154.813608922479
-154.821993161258
-154.812268868677
-154.810798460231
-154.816431681713
-154.821284033897
-154.815129863067
-154.811913841024
-154.811232476967
-154.816090914133
-154.815208710198
-154.812618061039
-154.818815927344
-154.812538094347
-154.820316855254
-154.813618485132
-154.814955669963
-154.81942439839
-154.812691992315
-154.81734669707
-154.814854032799
-154.813434932828
-154.814723762877
-154.81974873903
-154.8130168525
-154.814111505757
-154.819141952238
-154.816460234952
-154.815236873651
-154.808297744267
-154.803711846152
-154.807701080961
-154.815674529984
-154.805097171667
-154.809794588928
-154.816312384944
-154.815822703547
-154.818302507716
-154.815281352941
-154.821268574753
-154.8160511019
-154.811960044045
-154.815081485296
-154.814150918527
-154.813898404379
-154.810231130718
-154.817750976555
-154.813800057143
-154.817469009025
-154.81651274692
-154.816897763239
-154.815276755889
-154.818152973111
-154.818305126299
-154.8171182412
-154.815408777716
-154.812640514814
-154.822014119432
-154.811576610875
-154.812592336696
-154.814720006634
-154.815313708827
-154.818851128337
-154.812804297982
-154.815042741455
-154.815656573409
-154.804194889922
-154.814050596927
-154.817701474121
-154.812014961606
-154.810214773892
-154.81581733145
-154.815216449985
-154.815840156254
-154.813193328561
-154.808592593728
-154.81289578971
-154.813458263578
-154.812242368355
-154.816526176545
-154.812082453739
-154.813797705574
-154.815207367959
-154.812564985875
-154.816211224385
-154.820872622021
-154.818026443669
-154.815584336385
-154.815147605581
-154.814725146033
-154.81336993524
-154.815203658143
-154.80832301721
-154.813080381231
-154.814169987224
-154.818787314611
-154.81322114787
-154.817149304437
-154.818928083032
-154.81232752985
-154.819394456844
-154.8076616755
-154.816589970974
-154.812988370001
-154.814910613024
-154.814279263348
-154.817450083605
-154.81653991011
-154.815893736812
-154.815089967147
-154.817697542279
-154.817145910613
-154.819296826698
-154.815161591324
-154.813490607047
-154.805090486698
-154.81202199005
-154.812514619591
-154.80802834616
-154.815247190221
-154.805927976008
-154.813071455393
-154.813121980555
-154.817090473441
-154.811146735644
-154.817672293447
-154.818110028568
-154.812065317394
-154.815073740474
-154.816607859423
-154.814274137056
-154.817780089228
-154.8141385113
-154.809818217598
-154.82026717717
-154.815197679764
-154.816351629673
-154.804034399955
-154.818572657583
-154.807811283464
-154.817145418635
-154.812796685345
-154.813899161179
-154.812468546051
-154.812752061544
-154.813595021735
-154.820588499969
-154.813064464646
-154.816554854711
-154.814932716479
-154.814791882019
-154.814301159829
-154.814627535129
-154.818527991928
-154.818504620651
-154.814425816449
-154.808771419944
-154.816587965661
-154.811473076599
-154.809857575643
-154.816770420315
-154.812100422567
-154.814803378868
-154.817059797218
-154.8050403192
-154.809827550716
-154.821791128849
-154.816584978569
-154.810552167971
-154.814616821972
-154.811802086527
-154.809752097909
-154.813774582147
-154.813539879754
-154.816109196353
-154.815865154667
-154.820444037609
-154.818355630468
-154.813752619921
-154.818264879544
-154.815392680935
-154.813435260921
-154.820818123804
-154.815366804383
-154.812760965795
-154.81480762851
-154.815221086312
-154.817663361685
-154.81667743667
-154.815689934256
-154.817539175087
-154.817333183384
-154.81442952033
-154.810221028591
-154.812826304751
-154.818941003617
-154.820527546178
-154.814256521042
-154.811716774157
-154.816900602369
-154.81221301436
-154.817854532334
-154.81503378591
-154.820883710515
-154.821785400103
-154.818708063685
-154.813344986256
-154.815709671448
-154.816098881604
-154.81505794906
-154.814928333651
-154.815566961183
-154.817389896086
-154.814867356423
-154.816123381853
-154.812358207201
-154.813408440141
-154.811979765744
-154.819412829447
-154.816961116584
-154.812398419315
-154.812605941534
-154.812465029687
-154.815345140807
-154.815116230294
-154.820413292467
-154.814838866144
-154.815601322875
-154.811621728492
-154.811520227271
-154.817066414855
-154.816123934055
-154.819757482328
-154.818375421368
-154.812873754744
-154.818543562294
-154.813784728231
-154.817117937909
-154.812193822361
-154.812947583
-154.807598453936
-154.818729339517
-154.814779102115
-154.817602398905
-154.815483306287
-154.812053747103
-154.815967928959
-154.811613154544
-154.811909599034
-154.811983274414
-154.813995905187
-154.818876136901
-154.813881227834
-154.817278702837
-154.815021851366
-154.8126668244
-154.814804574398
-154.816908985911
-154.814223190368
-154.815144815698
-154.817865517702
-154.814838903448
-154.814348711845
-154.820584112519
-154.811668560332
-154.81787369757
-154.813341781214
-154.814057927189
-154.813875908736
-154.821423859141
-154.815370056563
-154.813481247273
-154.814456764815
-154.818316458665
-154.816314977988
-154.811284560185
-154.816479844005
-154.815259597155
-154.81575366236
-154.811690241755
-154.809523010872
-154.813526067129
-154.820524528063
-154.811997793544
-154.818921638793
-154.817103947516
-154.816851730781
-154.815672236673
-154.814221062588
-154.815311407248
-154.819244292637
-154.815370739066
-154.813004625219
-154.816973715178
-154.816632496408
-154.815196360441
-154.814782859777
-154.81380566465
-154.810835159829
-154.812560676644
-154.810850125506
-154.816505547334
-154.817716367157
-154.816126666987
-154.814730044285
-154.815193449066
-154.815311190157
-154.809977152441
-154.820480469246
-154.807070566147
-154.818051542614
-154.818672165677
-154.81290603988
-154.819393161502
-154.819776682924
-154.813595732247
-154.806094377723
-154.804741784133
-154.816323096071
-154.810081212387
-154.814391099585
-154.813210454285
-154.809032869102
-154.813070779153
-154.814669575934
-154.814018487919
-154.814935243302
-154.81458015685
-154.818812875501
-154.820289556823
-154.817716146291
-154.820819016864
-154.815437009467
-154.813578695661
-154.806470135859
-154.81941978915
-154.80747603905
-154.814840337393
-154.814437239364
-154.81311563808
-154.816021932643
-154.813387107701
-154.816615098893
-154.819161496114
-154.818298826938
-154.812727701505
-154.815791067559
-154.814628617661
-154.815589461915
-154.816640101592
-154.816343163319
-154.813230926108
-154.814170049755
-154.814921390894
-154.817205568567
-154.819374484815
-154.81380713997
-154.814752614698
-154.820991698145
-154.809860708874
-154.81163833228
-154.812315072006
-154.81031365318
-154.813672804569
-154.817449582374
-154.818452434694
-154.81268266032
-154.818843663909
-154.814975629099
-154.822263524281
-154.814094729185
-154.805869197969
-154.808661632571
-154.812593856377
-154.816882503328
-154.815311721369
-154.8137601112
-154.814906135531
-154.811063018418
-154.822052936776
-154.815816477502
-154.817592372456
-154.8116482591
-154.812051225851
-154.813644905869
-154.815308483107
-154.815454145643
-154.812064127226
-154.815065673313
-154.812492326571
-154.81442109017
-154.814422834242
-154.809161396532
-154.816364065412
-154.806135935346
-154.81451569158
-154.819210293289
-154.810891975089
-154.81595835746
-154.816957867205
-154.814924756554
-154.81756648426
-154.814686072745
-154.809735112291
-154.815825877606
-154.811976430974
-154.810610272541
-154.815217062417
-154.81830543184
-154.819451987337
-154.817723945805
-154.817764304768
-154.81764762104
-154.81523753073
-154.813599982204
-154.81179224268
-154.82142429226
-154.816209031663
-154.816397525471
-154.810680847778
-154.815454075527
-154.810354439834
-154.812944871433
-154.815042070157
-154.813214368135
-154.816278511464
-154.815668380488
-154.81591561119
-154.815957813856
-154.817653542788
-154.817909491489
-154.812761985157
-154.814476303218
-154.815781586884
-154.8039770019
-154.819043752255
-154.813066092122
-154.816303179849
-154.809215700051
-154.813781529157
-154.811133507634
-154.812249266089
-154.807018929081
-154.810090179277
-154.814949884864
-154.814739556822
-154.818007412686
-154.815384558999
-154.816095914222
-154.814754657974
-154.814941049589
-154.817026420223
-154.817559151156
-154.817665089659
-154.816098671781
-154.820993732827
-154.817632677407
-154.821452025509
-154.81395208961
-154.81444079841
-154.820950732608
-154.814511814148
-154.816039479701
-154.816315413616
-154.816370473893
-154.81612444945
-154.81605289544
-154.820627330952
-154.812493936537
-154.809707275868
-154.818033542924
-154.809053925137
-154.817088018477
-154.815286150315
-154.819116928521
-154.812484444977
-154.814367815031
-154.810647906018
-154.811599161488
-154.814781017363
-154.819622186924
-154.817710339431
-154.813525605837
-154.815672833308
-154.813029321833
-154.820491324348
-154.810082922729
-154.814517293996
-154.814092805141
-154.814093042346
-154.818843657379
-154.818985894886
-154.810164224731
-154.81123503777
-154.817854249196
-154.818666637978
-154.810647953505
-154.814149858686
-154.818195580061
-154.812909413551
-154.818185230624
-154.810638857282
-154.815586451352
-154.814531039442
-154.814848704536
-154.818614000005
-154.81408237183
-154.817964305208
-154.812073253115
-154.81746045776
-154.816139548029
-154.813206820866
-154.817596214367
-154.808535932932
-154.807531976181
-154.814528559092
-154.814071360671
-154.810947924721
-154.814932508635
-154.813408900244
-154.814497272953
-154.817016133302
-154.816532278682
-154.816070481303
-154.813699040895
-154.817309097909
-154.818697925137
-154.811685174369
-154.812170971425
-154.810876695903
-154.81686843399
-154.815481016387
-154.818340921052
-154.814999386154
-154.813993708296
-154.807487593065
-154.811558013247
-154.814144421262
-154.812487531491
-154.818784909043
-154.814464546931
-154.814411157539
-154.815739978674
-154.813558340492
-154.814552902687
-154.814855307185
-154.820932211977
-154.817079463629
-154.818534590012
-154.817284159932
-154.815617236289
-154.816095995518
-154.812640340499
-154.801907694449
-154.809300515028
-154.81983248522
-154.815574301128
-154.81151629187
-154.819562561002
-154.813503168458
-154.812241261453
-154.818895337673
-154.812904449125
-154.818334230119
-154.815065584794
-154.8145747055
-154.816391251768
-154.821065969098
-154.814092179796
-154.819661752991
-154.811243109662
-154.813159664137
-154.821270997118
-154.821443041682
-154.815940942334
-154.816180453365
-154.817807283773
-154.810967205139
-154.816725355194
-154.815526017394
-154.820668568461
-154.8143283675
-154.812914080668
-154.817431639954
-154.814342069364
-154.812546361253
-154.814239329083
-154.819620258883
-154.816296118872
-154.819748593926
-154.819504790216
-154.814146319043
-154.813059559096
-154.814367022929
-154.808805512101
-154.809521730917
-154.815105518807
-154.812827372359
-154.809527445501
-154.815990685345
-154.815528257094
-154.82032885294
-154.812739353715
-154.812172218085
-154.812585979276
-154.813114255005
-154.812303370463
-154.814794598283
-154.810676020376
-154.818777043783
-154.816223841076
-154.813488007757
-154.812157747151
-154.813789604362
-154.816262646947
-154.815090354054
-154.814479746971
-154.823020068706
-154.819347275403
-154.817886717512
-154.808948104245
-154.815260451443
-154.809719071252
-154.804970783277
-154.812793545104
-154.816076830586
-154.811152694893
-154.815375929179
-154.810487819765
-154.817806425105
-154.817394097342
-154.812782965013
-154.813939829148
-154.813629079154
-154.815159492145
-154.815805313772
-154.807747898779
-154.816952728808
-154.822621630457
-154.818818426586
-154.818798704099
-154.81483272419
-154.815630436894
-154.813907188742
-154.816813515422
-154.819935833761
-154.818950941474
-154.818833329635
-154.812510764785
-154.811674687276
-154.812754741165
-154.817026331298
-154.818167723306
-154.81546161877
-154.8156827338
-154.815311049038
-154.805922263194
-154.811194191803
-154.815911241539
-154.818302164407
-154.81755686646
-154.8140534013
-154.809967538313
-154.815186444207
-154.814180770513
-154.817868479199
-154.81576643269
-154.813871879141
-154.817406915256
-154.816903389997
-154.814123935626
-154.815435690256
-154.813033394986
-154.818745416643
-154.806683614661
-154.81383065248
-154.806885633455
-154.812781294168
-154.812490056448
-154.818771446191
-154.814882678544
-154.817690267226
-154.815290408625
-154.81590424349
-154.81121632299
-154.816580739288
-154.816238419107
-154.815143862335
-154.815287193914
-154.817873225462
-154.816753335363
-154.810477531248
-154.817709856209
-154.815982136287
-154.817186966938
-154.817565421518
-154.816772018239
