-79.6723998
-79.65924531
-79.6619198
-79.66300692
-79.66251111
-79.66376152
-79.66049318
-79.66765153
-79.6655261
-79.66594913
-79.66552047
-79.66302523
-79.66224102
-79.66493324
-79.66919385
-79.66796747
-79.66590005
-79.66996725
-79.66385162
-79.66567925
-79.66329111
-79.667477
-79.66702756
-79.66595134
-79.66218813
-79.66227012
-79.66870639
-79.66606631
-79.66526249
-79.66872989
-79.66740596
-79.66746615
-79.66747634
-79.66813273
-79.65546869
-79.66518671
-79.66708214
-79.66631861
-79.66986406
-79.66051359
-79.66590567
-79.66327828
-79.65811552
-79.6635913
-79.65921802
-79.66379372
-79.65779562
-79.66425461
-79.66621933
-79.66647211
-79.6681641
-79.66558819
-79.66901333
-79.66593187
-79.66779121
-79.66768293
-79.66179466
-79.66836306
-79.66753564
-79.66517237
-79.66124185
-79.66594062
-79.66766075
-79.66970826
-79.66437368
-79.65972219
-79.65966998
-79.65833993
-79.66322517
-79.66405062
-79.66394735
-79.65927093
-79.66546443
-79.66260468
-79.66623174
-79.66480531
-79.66833216
-79.66083245
-79.66023164
-79.66160904
-79.6610825
-79.65919844
-79.66841586
-79.66504118
-79.65445223
-79.66391205
-79.66453269
-79.66364429
-79.66236527
-79.66521834
-79.66905986
-79.66140459
-79.66586444
-79.66437073
-79.66417416
-79.66923752
-79.66335086
-79.66437548
-79.66206457
-79.66447489
-79.66588382
-79.66494607
-79.66490352
-79.66727088
-79.66691195
-79.6685068
-79.66706171
-79.66109076
-79.66615008
-79.66639516
-79.6685027
-79.66379558
-79.66579346
-79.65494321
-79.66551097
-79.6610778
-79.66426765
-79.66479447
-79.661883
-79.6612302
-79.66783566
-79.66787674
-79.6674832
-79.66104626
-79.66352112
-79.66504146
-79.66447928
-79.66070371
-79.66156735
-79.6679483
-79.65960234
-79.665539
-79.66179461
-79.66157461
-79.6659578
-79.6666897
-79.66813057
-79.66184184
-79.66236861
-79.6650461
-79.66039179
-79.66294002
-79.66004733
-79.66488237
-79.66504979
-79.66187225
-79.66461592
-79.66280998
-79.66155688
-79.664301
-79.65914884
-79.66556969
-79.66062535
-79.65885035
-79.65811526
-79.66103165
-79.66268655
-79.66651972
-79.66388607
-79.66393124
-79.66438032
-79.66819564
-79.66553829
-79.66468599
-79.66404896
-79.66698666
-79.66454561
-79.66480457
-79.67125649
-79.66342293
-79.66634852
-79.6598227
-79.66355871
-79.66343712
-79.6659732
-79.65703014
-79.65945157
-79.66183933
-79.66278335
-79.66520789
-79.66321445
-79.66191753
-79.65975221
-79.66368871
-79.66561736
-79.66130569
-79.66035881
-79.66190969
-79.66076875
-79.66560922
-79.66151768
-79.66450848
-79.66180476
-79.66893708
-79.66620813
-79.66201518
-79.66676851
-79.66892385
-79.66776568
-79.66729696
-79.66269697
-79.66674962
-79.66720181
-79.66599667
-79.66058673
-79.6640667
-79.66179442
-79.66819542
-79.66703258
-79.66511617
-79.66910091
-79.66023116
-79.66526381
-79.66099333
-79.66335099
-79.66249353
-79.66628375
-79.6629198
-79.66248833
-79.66350776
-79.66575965
-79.66501492
-79.66516629
-79.66688767
-79.6699113
-79.66827919
-79.66736467
-79.66752631
-79.66798679
-79.66440369
-79.6642694
-79.6654616
-79.66528231
-79.66937681
-79.66431691
-79.6666223
-79.66277978
-79.66678669
-79.66381053
-79.65988266
-79.66645018
-79.66889435
-79.66885155
-79.66394765
-79.66593449
-79.66558769
-79.66510111
-79.66139577
-79.66730074
-79.66515905
-79.66328523
-79.66142507
-79.66518849
-79.66810198
-79.6657393
-79.66686156
-79.66831944
-79.66772995
-79.66585792
-79.66583911
-79.66121235
-79.66016364
-79.66742352
-79.66794874
-79.66782936
-79.66718468
-79.66163814
-79.66074136
-79.65783475
-79.65818046
-79.66331104
-79.66003598
-79.6619805
-79.66434813
-79.66436698
-79.66551317
-79.66380825
-79.66506258
-79.66202759
-79.66068029
-79.66277919
-79.66864182
-79.66652549
-79.66996496
-79.66482888
-79.66333194
-79.66354031
-79.66128438
-79.65616888
-79.65151888
-79.66151446
-79.65806947
-79.65541342
-79.66194564
-79.66314588
-79.66481089
-79.66737234
-79.66744693
-79.66128476
-79.66259463
-79.66505549
-79.66402127
-79.66632554
-79.66334176
-79.6678659
-79.6694724
-79.66199124
-79.6640342
-79.66653036
-79.66169516
-79.66562638
-79.6632711
-79.65945605
-79.6667096
-79.66245077
-79.66466674
-79.66596123
-79.66432593
-79.66992196
-79.66539555
-79.66680218
-79.6647558
-79.66609261
-79.65594846
-79.66395501
-79.66423812
-79.66621171
-79.66537734
-79.6666057
-79.66692693
-79.66733688
-79.66538369
-79.66765787
-79.66672285
-79.66407493
-79.65986317
-79.66663334
-79.66770393
-79.66509579
-79.66038496
-79.66325139
-79.66749725
-79.66545134
-79.66224568
-79.66732507
-79.66556184
-79.66903722
-79.66458062
-79.66688635
-79.6642718
-79.6648028
-79.65951665
-79.6593752
-79.66252552
-79.66886933
-79.66870502
-79.66569897
-79.66531298
-79.66873899
-79.66723318
-79.66067053
-79.65642699
-79.66353378
-79.66757419
-79.66719798
-79.66899175
-79.66585891
-79.66139876
-79.66502433
-79.66131289
-79.66120857
-79.66323646
-79.65597316
-79.66230317
-79.66465629
-79.66667373
-79.66236627
-79.66944766
-79.66480941
-79.66529922
-79.66493836
-79.66243038
-79.66871479
-79.66704133
-79.66944098
-79.66912517
-79.66573905
-79.66835557
-79.66433397
-79.6649932
-79.66612068
-79.66146334
-79.66572749
-79.66366812
-79.66254543
-79.65977933
-79.66473438
-79.66754769
-79.6681784
-79.6652837
-79.66981832
-79.66812932
-79.6684625
-79.66929179
-79.66539313
-79.66479855
-79.65854302
-79.66564576
-79.66825372
-79.66730684
-79.6648841
-79.66458918
-79.66318782
-79.66472347
-79.66176737
-79.66765941
-79.67015869
-79.66322989
-79.66903643
-79.66739646
-79.66208541
-79.66312015
-79.66471399
-79.65720718
-79.65636533
-79.66254071
-79.6641158
-79.66592402
-79.66518668
-79.66425591
-79.66583508
-79.66514506
-79.65804415
-79.65888957
-79.6630527
-79.65938027
-79.66135308
-79.66085549
-79.66188639
-79.65492211
-79.65709122
-79.66279293
-79.66555929
-79.66432515
-79.66636124
-79.66575334
-79.66645492
-79.66862044
-79.66931325
-79.66749765
-79.66515088
-79.65713519
-79.65845408
-79.66215506
-79.66639126
-79.66117401
-79.66771971
-79.67028749
-79.6651729
-79.66923341
-79.66640394
-79.65858021
-79.66429454
-79.66273073
-79.66063815
-79.65606954
-79.66483864
-79.66498486
-79.66189018
-79.66291397
-79.6639125
-79.66481184
-79.66202803
-79.66533927
-79.66523176
-79.66636395
-79.66435661
-79.66658774
-79.66152932
-79.66511522
-79.66522139
-79.66144537
-79.66382964
-79.66789859
-79.66400254
-79.66427433
-79.66256507
-79.66087184
-79.65970965
-79.66731094
-79.66032057
-79.65518015
-79.65078166
-79.66043364
-79.6625295
-79.66421145
-79.66432421
-79.66378528
-79.66078842
-79.65616542
-79.660503
-79.65917872
-79.66573562
-79.66450125
-79.66539407
-79.66504975
-79.66109871
-79.66770003
-79.66287366
-79.66645308
-79.66014252
-79.6594917
-79.6646842
-79.66127785
-79.65860232
-79.66494122
-79.66331026
-79.66543721
-79.66246792
-79.66759753
-79.66673538
-79.66590332
-79.66410535
-79.66144481
-79.65811179
-79.66137602
-79.66787915
-79.66177385
-79.66431082
-79.66268696
-79.66205158
-79.6670914
-79.6638396
-79.66697515
-79.66876911
-79.65796624
-79.66472096
-79.66427758
-79.663326
-79.66245084
-79.66167472
-79.66356471
-79.66489353
-79.65720136
-79.65868306
-79.66796013
-79.66875499
-79.66831112
-79.66601169
-79.66684114
-79.66801695
-79.66312845
-79.66609281
-79.66611746
-79.66299229
-79.65954567
-79.66390052
-79.65141441
-79.6641197
-79.66269101
-79.66246287
-79.66223907
-79.66802108
-79.65883655
-79.66894762
-79.66420195
-79.66914661
-79.65922962
-79.66546658
-79.65950019
-79.66808153
-79.66186652
-79.66292611
-79.66345677
-79.65863269
-79.66288636
-79.6638345
-79.66889047
-79.66381388
-79.66320899
-79.66867747
-79.660659
-79.66661745
-79.66370352
-79.66850473
-79.65914948
-79.66471571
-79.66064768
-79.663333
-79.66044585
-79.66491943
-79.66024688
-79.66392599
-79.66739337
-79.66293114
-79.66377764
-79.66626981
-79.66513034
-79.6610104
-79.66539285
-79.66805566
-79.66516897
-79.66799376
-79.66542367
-79.66836191
-79.66285285
-79.66777703
-79.65809047
-79.66056175
-79.66517721
-79.6639756
-79.66475293
-79.66860378
-79.66562904
-79.66638807
-79.6594352
-79.66769111
-79.66904678
-79.66760032
-79.66736916
-79.66578787
-79.6661424
-79.67098656
-79.66572074
-79.66754914
-79.6628595
-79.66421058
-79.66273079
-79.66478112
-79.66855858
-79.67071803
-79.66476312
-79.65952021
-79.6632938
-79.66314658
-79.66497823
-79.66794483
-79.66449123
-79.66433098
-79.66711074
-79.6631359
-79.66391399
-79.6674731
-79.66637236
-79.66324681
-79.66061114
-79.66657843
-79.66684885
-79.66581987
-79.66004027
-79.66639545
-79.66599499
-79.66069408
-79.66707841
-79.66435933
-79.66480799
-79.65683255
-79.6680555
-79.65703822
-79.66707393
-79.66396313
-79.66122666
-79.66292506
-79.66401304
-79.66543259
-79.66369504
-79.66837745
-79.66340544
-79.66312007
-79.6656733
-79.66552703
-79.66382848
-79.66404585
-79.6665039
-79.6690051
-79.6662978
-79.66051743
-79.66436936
-79.66285482
-79.66392667
-79.66422921
-79.66399946
-79.66747759
-79.66110841
-79.66366426
-79.66398726
-79.66391818
-79.66708604
-79.6676878
-79.66976854
-79.66407346
-79.66192453
-79.66749856
-79.66561347
-79.67055206
-79.66739977
-79.66774327
-79.66578431
-79.66402277
-79.66397924
-79.65984175
-79.667386
-79.66111686
-79.66151211
-79.66275706
-79.66246545
-79.66399043
-79.66345718
-79.66071848
-79.65867245
-79.66661258
-79.66705389
-79.66599298
-79.66365229
-79.66678364
-79.66545433
-79.66414554
-79.66588499
-79.66454041
-79.65648974
-79.66450088
-79.66387062
-79.6680101
-79.66517161
-79.66703526
-79.66579114
-79.66344191
-79.66267031
-79.6634395
-79.66933613
-79.66760024
-79.66489962
-79.65895924
-79.66486603
-79.66612947
-79.66012792
-79.66466577
-79.66287361
-79.66735805
-79.66672125
-79.6675841
-79.66299635
-79.6632194
-79.6642433
-79.66659661
-79.66192171
-79.66265467
-79.66255291
-79.66282779
-79.66163402
-79.66447147
-79.66285683
-79.65879165
-79.66474305
-79.66138838
-79.66638215
-79.66777226
-79.66834911
-79.66063886
-79.6633545
-79.66123512
-79.66315598
-79.66042323
-79.66407211
-79.66100855
-79.66397543
-79.6604629
-79.66585059
-79.66140639
-79.66147583
-79.66204017
-79.66053878
-79.66142619
-79.66601562
-79.66187738
-79.66358017
-79.65874345
-79.66493194
-79.66642743
-79.66661541
-79.66786187
-79.66534152
-79.66817647
-79.66208319
-79.66185977
-79.66371624
-79.6710455
-79.66573974
-79.6587076
-79.66238217
-79.66620246
-79.66414455
-79.66555777
-79.66133346
-79.66806435
-79.66667009
-79.6621962
-79.66829743
-79.66570226
-79.66744147
-79.66498153
-79.65452079
-79.65910849
-79.65729089
-79.65835404
-79.66347359
-79.65952698
-79.66205838
-79.66185138
-79.66895231
-79.66666426
-79.65862279
-79.66590013
-79.66123862
-79.6661715
-79.66607138
-79.66644555
-79.6649886
-79.66280481
-79.66307533
-79.66496872
-79.66787686
-79.66321937
-79.66412458
-79.66050062
-79.66508737
-79.66183929
-79.65640708
-79.66448063
-79.65962606
-79.66360169
-79.6611329
-79.66206004
-79.65981795
-79.66548542
-79.66152681
-79.66711804
-79.66252384
-79.66621901
-79.66578295
-79.66312716
-79.66892865
-79.6674783
-79.66341119
-79.65578251
-79.65814057
-79.65620489
-79.65220689
-79.65990897
-79.65760477
-79.65895166
-79.66467116
-79.66411211
-79.66427554
-79.65915912
-79.66317233
-79.66622473
-79.66577101
-79.66516368
-79.664302
-79.66478543
-79.66577189
-79.66517719
-79.66494451
-79.66836547
-79.66898599
-79.66846591
-79.6696276
-79.66246585
-79.65963492
-79.66175614
-79.66252719
-79.666606
-79.66593937
-79.66873135
-79.66128393
-79.66484442
-79.66160838
-79.66855712
-79.66794445
-79.66542932
-79.66662395
-79.66404951
-79.66348646
-79.66033894
-79.66277285
-79.6617865
-79.66409882
-79.66610261
-79.67123813
-79.67149451
-79.67102823
-79.66986547
-79.6701178
-79.66892882
-79.66921434
-79.66568778
-79.66753374
-79.66556349
-79.66454315
-79.66298057
-79.66153673
-79.661034
-79.66320208
-79.66332259
-79.66497175
-79.66711207
-79.66708526
-79.66020281
-79.66263047
-79.66350643
-79.66684302
-79.66368981
-79.66899147
-79.66874472
-79.6642684
-79.66708613
-79.66586421
-79.66542883
-79.66388678
-79.66201827
-79.66056331
-79.66162182
-79.66506873
-79.66593912
-79.66446707
-79.66101398
-79.65948764
-79.66463144
-79.65854074
-79.66405558
-79.66700616
-79.6657775
-79.6584703
-79.66140626
-79.66275414
-79.66150576
-79.66317967
-79.66331923
-79.66651834
-79.66720784
-79.66619445
-79.65972775
-79.65990943
-79.66707793
-79.66697896
-79.6668759
-79.66745715
-79.66732858
-79.67044785
-79.6673702
-79.6688881
-79.66600113
-79.66376351
-79.66964271
-79.66468472
-79.66501507
-79.66494692
-79.66682172
-79.66393276
-79.66636845
-79.66556091
-79.66513737
-79.66010815
-79.65896202
-79.65836368
-79.66719467
-79.66561241
-79.66305127
-79.66334627
-79.66144461
-79.65969358
-79.66552873
-79.6572208
-79.66387005
-79.66643726
-79.66859613
-79.66775239
-79.66742934
-79.6618109
-79.66787103
-79.66465225
-79.66748217
-79.66920645
-79.66524165
-79.66553345
-79.66590803
-79.66300088
-79.66145835
-79.65874513
-79.65892328
-79.65787257
-79.66417455
-79.66077848
-79.66302325
-79.6588699
-79.6604739
-79.66460803
-79.66008953
-79.6639792