-153.637843253296
-153.634022289242
-153.63805260177
-153.638359885523
-153.642030315247
-153.6381281119
-153.642805461607
-153.637007511194
-153.640080724646
-153.633642757655
-153.641901899708
-153.639746264414
-153.644213776862
-153.635761122326
-153.638447157399
-153.643937407077
-153.637757585511
-153.643397121885
-153.637473079915
-153.633787574307
-153.633307597232
-153.639650961096
-153.644894903689
-153.630578164529
-153.640947798677
-153.639410067128
-153.631749270223
-153.634414640821
-153.63855191925
-153.64056845272
-153.639114939053
-153.632526704732
-153.637421093876
-153.638933782294
-153.643735426006
-153.631258910572
-153.644530359208
-153.641959431032
-153.643580144789
-153.641275400504
-153.641684399186
-153.638978056535
-153.641393947942
-153.640191387224
-153.642287763621
-153.643261637988
-153.64120440985
-153.637218786832
-153.641534405697
-153.633668084654
-153.638096627878
-153.642236690805
-153.637960036941
-153.634882547571
-153.63094036848
-153.638797645715
-153.640458900957
-153.642625995647
-153.638258063636
-153.642884906531
-153.642929750972
-153.642060786345
-153.637862708154
-153.641219322921
-153.635590077104
-153.643009233573
-153.638721517354
-153.629875924052
-153.64385217293
-153.635837731584
-153.634843799526
-153.641073753937
-153.636415518533
-153.635446000345
-153.637809755352
-153.639799468658
-153.632669742784
-153.641096944607
-153.637830893444
-153.644356242433
-153.643679240686
-153.641663547333
-153.636844583352
-153.634120708831
-153.640063111824
-153.641039806737
-153.641025899877
-153.633738353679
-153.639666020381
-153.641987559209
-153.641056089849
-153.642029159764
-153.640984869947
-153.643026382545
-153.640217177618
-153.633122796444
-153.643232022432
-153.636174311429
-153.62829946546
-153.642419700471
-153.645238577786
-153.636552326049
-153.632994482469
-153.635533990642
-153.641323597964
-153.640354277426
-153.638992521648
-153.635726929926
-153.640224709654
-153.635806484451
-153.625079309941
-153.638439420357
-153.634937901645
-153.637518632413
-153.635158497917
-153.64005909667
-153.642603484644
-153.638272699139
-153.640425264519
-153.637537233968
-153.641913424717
-153.638260299293
-153.637399506945
-153.635992161045
-153.63611307802
-153.638542735246
-153.638812362329
-153.637327622346
-153.638861412127
-153.636820097129
-153.640133002184
-153.638013294474
-153.641193217697
-153.638591891025
-153.641007273979
-153.64090621036
-153.638946795763
-153.639035816627
-153.637779565601
-153.640902195815
-153.642527293637
-153.640995775301
-153.639126876431
-153.63510690778
-153.641028279536
-153.638278095141
-153.643165977155
-153.636908797111
-153.638339364317
-153.64218613279
-153.635836768577
-153.631097636611
-153.638953189108
-153.64045918093
-153.636877520623
-153.633248234784
-153.637547491746
-153.632061596537
-153.638884366376
-153.640509568758
-153.640597334767
-153.633693976381
-153.643211629392
-153.637099968704
-153.641925932072
-153.638335616868
-153.640813062291
-153.636312535404
-153.642897779469
-153.63404023807
-153.642434582468
-153.640988070497
-153.642010824538
-153.636867709697
-153.629401363974
-153.635584768685
-153.64018397067
-153.628477766685
-153.636129923816
-153.630269535206
-153.639638263642
-153.640505473825
-153.640519339625
-153.640336667905
-153.6371071992
-153.638996926722
-153.637059129728
-153.627781987834
-153.63327753105
-153.641083375614
-153.638109151062
-153.639626338515
-153.640078457929
-153.638909001527
-153.642487219933
-153.642320139808
-153.635769758452
-153.636832285838
-153.639265685923
-153.639420895594
-153.641921038683
-153.642117769695
-153.640247361789
-153.642296307662
-153.625538886423
-153.635830268203
-153.639896789142
-153.640529773845
-153.637942909727
-153.638885828287
-153.640789340871
-153.636754659773
-153.628752879443
-153.641448035062
-153.636416204957
-153.639252108381
-153.639136391239
-153.640645159992
-153.63952958733
-153.637907825214
-153.638096426048
-153.640568600222
-153.634269536475
-153.639904349307
-153.630507266653
-153.636200959604
-153.641007061383
-153.644247348393
-153.641552006508
-153.635183146083
-153.641943504413
-153.63163684434
-153.635952199375
-153.641487694715
-153.643192837743
-153.642129838546
-153.637562234396
-153.636682433758
-153.64112491261
-153.641148354449
-153.634756915525
-153.644123538364
-153.64247706214
-153.637417069804
-153.644123742339
-153.631372856409
-153.642915771607
-153.64148326839
-153.641930805617
-153.637119213931
-153.63585990048
-153.642418903882
-153.637331998181
-153.641697815592
-153.639100223975
-153.641111408484
-153.637233441478
-153.640675294052
-153.639499982738
-153.637115029048
-153.634164234495
-153.641058463135
-153.642451157981
-153.642163192411
-153.64292588183
-153.640671782794
-153.633395687529
-153.638967550536
-153.635583612236
-153.639174854837
-153.641762701786
-153.63684172362
-153.63794389224
-153.642170083164
-153.640721357042
-153.6395276885
-153.642302207614
-153.642320541453
-153.63168656008
-153.6350648115
-153.63603200338
-153.639677377103
-153.645236998186
-153.633760795108
-153.643208147718
-153.640900119568
-153.633663888921
-153.642873123477
-153.637381175931
-153.639722889702
-153.641898279847
-153.641932427887
-153.64053198925
-153.639544108304
-153.639722156003
-153.639983073677
-153.640624326888
-153.639350139411
-153.642834191153
-153.627633052368
-153.639307122252
-153.64157074075
-153.637172286724
-153.636187389734
-153.638045708259
-153.63640026263
-153.639800956197
-153.642932400119
-153.639802165012
-153.636553242253
-153.638826672093
-153.643192969581
-153.640420575759
-153.639651038658
-153.637030239257
-153.633557261105
-153.632305323636
-153.637824449713
-153.638628738216
-153.644582388736
-153.633949428243
-153.640242022483
-153.638940078075
-153.641885310954
-153.641766818299
-153.641377732119
-153.641571057716
-153.644129108729
-153.635081691363
-153.640125137615
-153.635329202245
-153.638944535507
-153.635813359515
-153.638886599388
-153.642475915405
-153.63855047753
-153.640585023162
-153.63789998615
-153.640924125887
-153.643429582004
-153.640034110689
-153.637897391163
-153.635318225562
-153.639307377533
-153.637561121621
-153.63702192236
-153.630037353674
-153.634147731881
-153.635884850696
-153.641348375007
-153.638861953301
-153.639714999991
-153.640868882823
-153.645133638898
-153.642401277971
-153.640023503559
-153.641795623416
-153.637422052572
-153.641101974821
-153.638815911338
-153.642819438438
-153.642333817021
-153.641988148904
-153.642518235916
-153.643081557851
-153.637273500922
-153.636352700808
-153.637171791233
-153.643191574831
-153.64145012188
-153.642025214774
-153.637485311022
-153.634748292265
-153.641342749871
-153.635418130515
-153.644337722972
-153.637497216758
-153.639482949817
-153.632890714514
-153.636442250982
-153.638039413646
-153.641945392041
-153.631799148065
-153.642539115408
-153.64370060707
-153.644604021973
-153.641319047507
-153.635602195756
-153.637371393887
-153.633702157562
-153.638771985793
-153.63604834122
-153.639890139415
-153.636771183149
-153.638091032652
-153.637001347458
-153.64350463347
-153.637737396947
-153.636822919793
-153.634585059602
-153.640861811107
-153.64085937899
-153.640548732164
-153.641893618571
-153.639429759372
-153.641375278982
-153.635899300568
-153.641836565108
-153.641285928615
-153.641241657173
-153.637957918366
-153.63911913201
-153.637182620459
-153.639981436757
-153.632209336331
-153.632255246752
-153.634563458773
-153.639852741725
-153.639811745978
-153.634385727798
-153.633666139271
-153.644568203895
-153.639903251949
-153.634250909583
-153.640653585333
-153.641507902224
-153.642679751893
-153.638704433141
-153.641509984933
-153.637456143495
-153.642262147306
-153.639281727542
-153.633238489924
-153.642772911887
-153.641375644213
-153.635425748729
-153.633470778608
-153.643817754071
-153.638973715495
-153.642314979889
-153.639388821452
-153.644295345789
-153.636623970773
-153.64362894234
-153.632483613299
-153.642464127943
-153.635388499138
-153.639745878715
-153.641001892618
-153.640882303457
-153.643087098347
-153.644119134003
-153.639096179703
-153.641231588673
-153.641485783097
-153.63929302851
-153.636471877161
-153.643750399278
-153.638709859711
-153.642600918732
-153.643846389773
-153.638663341604
-153.636701064465
-153.637070934308
-153.634440280593
-153.644430736966
-153.639066285497
-153.640390882873
-153.641772646087
-153.638987832748
-153.635376156345
-153.639128335219
-153.636370097347
-153.634900871082
-153.642531565061
-153.63276091772
-153.641224975027
-153.638100470882
-153.633711520553
-153.642951142901
-153.642447838691
-153.639140553605
-153.638616199628
-153.635015710876
-153.643050623821
-153.64054642747
-153.636910664584
-153.643348231446
-153.641858834447
-153.63793918119
-153.638790468833
-153.640066762309
-153.636741204369
-153.639073401096
-153.636329734248
-153.631890534948
-153.632649954682
-153.626511843941
-153.641225526944
-153.640368096104
-153.641086767633
-153.641700796478
-153.639582713923
-153.636082644073
-153.626711521101
-153.643127285824
-153.642791863437
-153.641751958762
-153.644394419713
-153.638942386121
-153.635639142284
-153.643083698106
-153.644140674429
-153.641921559537
-153.638565777464
-153.636843145157
-153.636761643227
-153.639004332819
-153.643211255809
-153.641017735088
-153.643064963545
-153.640288658049
-153.642645689405
-153.638140595286
-153.642610897535
-153.639841123955
-153.637337640585
-153.644588628009
-153.640533365066
-153.643303607128
-153.637798755383
-153.644165683933
-153.639857794128
-153.64091326138
-153.639393298536
-153.641515331489
-153.637858704041
-153.633172070373
-153.643352143916
-153.637095560924
-153.64101166767
-153.641211789133
-153.640010229348
-153.637228693475
-153.641515448215
-153.642238935679
-153.639529304698
-153.640348568719
-153.64225558784
-153.643234389714
-153.639139753655
-153.640722612024
-153.641582153005
-153.639190400647
-153.633795957451
-153.641164590393
-153.640123804944
-153.640629591161
-153.641217042528
-153.634523900495
-153.637872155303
-153.639261426803
-153.641586546723
-153.640609642588
-153.64148661012
-153.642289600291
-153.641092946475
-153.639559834991
-153.637531026054
-153.643188677033
-153.640463780801
-153.631360664511
-153.636312542199
-153.640938359294
-153.641441936825
-153.642384367201
-153.643608936549
-153.637526120636
-153.638624092469
-153.6402129733
-153.641728543647
-153.638923377859
-153.638492306461
-153.640860612235
-153.636961256204
-153.63829979654
-153.640230998445
-153.63960612535
-153.637543169193
-153.637131993117
-153.640263105576
-153.635246797608
-153.636678341408
-153.642697111081
-153.641423651708
-153.639592257358
-153.639211224987
-153.639643509206
-153.637190760975
-153.635569308494
-153.638302776006
-153.63972232335
-153.632130726723
-153.640658298915
-153.641306049036
-153.639935884611
-153.636729119334
-153.641528782022
-153.640362425858
-153.639081021146
-153.640975435047
-153.641982116566
-153.643289346576
-153.634466282416
-153.628356915794
-153.635858110142
-153.642186990879
-153.638232031226
-153.634607006731
-153.63532923515
-153.63991606986
-153.639569199614
-153.636742582427
-153.640337098307
-153.643132526963
-153.639212469518
-153.639275729748
-153.638951236871
-153.638940193798
-153.638576074604
-153.632896195297
-153.640301880692
-153.635484607995
-153.640505101956
-153.641465463669
-153.643801365827
-153.63779533083
-153.640917226709
-153.640480895191
-153.634699375139
-153.636492983684
-153.643634416129
-153.642156994442
-153.638985357792
-153.64375112055
-153.636730752048
-153.640652264227
-153.641914877445
-153.644614064894
-153.636887253273
-153.642671250727
-153.644757971392
-153.641645444898
-153.640584832015
-153.641125792286
-153.636609362329
-153.640534883449
-153.641499487623
-153.644365999214
-153.642569559155
-153.628865104207
-153.642287297674
-153.640587831228
-153.640439441766
-153.638710315613
-153.635731324737
-153.636950468712
-153.630575037119
-153.638480554608
-153.641396742599
-153.629032360451
-153.64004500262
-153.641444567907
-153.631177785546
-153.639888343076
-153.64204047238
-153.639364662617
-153.640938459509
-153.644759714008
-153.642471222394
-153.639290086579
-153.638469539008
-153.642864015753
-153.637218874102
-153.640577133554
-153.642787732671
-153.641600405444
-153.636035075197
-153.63966308245
-153.63422685841
-153.638389817175
-153.633632978187
-153.640422418598
-153.637811469288
-153.63830375792
-153.643835008689
-153.644609929396
-153.641251796428
-153.637191604366
-153.639760085661
-153.632685075019
-153.640127133132
-153.640287207914
-153.637532803062
-153.641665005203
-153.629644675569
-153.634096635342
-153.640631192031
-153.636887848371
-153.63650144368
-153.643821001802
-153.641832325202
-153.637129267268
-153.635369348333
-153.638175286054
-153.640463848743
-153.639305495868
-153.634574040304
-153.63671044377
-153.635185743036
-153.642503715595
-153.638579893224
-153.643662331892
-153.636867172002
-153.636380284539
-153.639025619065
-153.639214895953
-153.641987370447
-153.636212376445
-153.640155429871
-153.644713162873
-153.642421770008
-153.636721617277
-153.636940983928
-153.635548800798
-153.639558926202
-153.638216077096
-153.637464772539
-153.638118457442
-153.639211604312
-153.639223332197
-153.642985387211
-153.642326043056
-153.641054275021
-153.64221942231
-153.642265193469
-153.636538076181
-153.640318911492
-153.637100093687
-153.642698728954
-153.641371619194
-153.641317150659
-153.641664489592
-153.641005838872
-153.640623891048
-153.643295930489
-153.643150807163
-153.63719406557
-153.633827618209
-153.634074654054
-153.638114786726
-153.639576560465
-153.638397186843
-153.642755141048
-153.646086764093
-153.640996637103
-153.64125436986
-153.640556435558
-153.639548883868
-153.632228608532
-153.63994048408
-153.641387368518
-153.640456959425
-153.63941297493
-153.636793554762
-153.640336936176
-153.639881451892
-153.637004344455
-153.642440902846
-153.635634974577
-153.63632203516
-153.641159147475
-153.644049406214
-153.642125471495
-153.63812216629
-153.635508514766
-153.636026783763
-153.64195531874
-153.63714120904
-153.639125910486
-153.636129696707
-153.640680992073
-153.631001659761
-153.633830584058
-153.632817609934
-153.640611827324
-153.63302243043
-153.635808660082
-153.633068809898
-153.637899742433
-153.642595550783
-153.641481598641
-153.637961287986
-153.636729501503
-153.641198026808
-153.637571333312
-153.638499749148
-153.635718815585
-153.638066397643
-153.641107098528
-153.640176572861
-153.639892820307
-153.641072518607
-153.642041685469
-153.644358004269
-153.64260068427
-153.638407562299
-153.64022689449
-153.641689103201
-153.639647841622
-153.635048292362
-153.63912453311
-153.642875875481
-153.643496475846
-153.639008352237
-153.639755423171
-153.637584505224
-153.635942657038
-153.641986071961
-153.632838418165
-153.635645361736
-153.643672957232
-153.633581106977
-153.642021795338
-153.63858681007
-153.6438832946
-153.637749865405
-153.644617849828
-153.6407538827
-153.63744120971
-153.638041649151
-153.643549718492
-153.636150590068
-153.638365350485
-153.638153209283
-153.641972590535
-153.633942211844
-153.634620145733
-153.638293561948
-153.640813116746
-153.638355043629
-153.640785686685
-153.644129024713
-153.632293829387
-153.640043008839
-153.642891029285
-153.640126475947
-153.644849328311
-153.636859531396
-153.630206066321
-153.640971385164
-153.637783687298
-153.638996651264
-153.638200365718
-153.641340147366
-153.639704216884
-153.643270539755
-153.638109847896
-153.643709278305
-153.63887712854
-153.643816872837
-153.631493900939
-153.640733964325
-153.641523553481
-153.641615759065
-153.643550019305
-153.63983821984
-153.641373492297
-153.643826023526
-153.632753529098
-153.639909550199
-153.640583821216
-153.641567142927
-153.642208708049
-153.640144159959
-153.640473273365
-153.644085629365
-153.640705541004
-153.640772066019
-153.638252655633
-153.639957451256
-153.640995593135
-153.637488685319
-153.642730582704
-153.638414860856
-153.644024167449
-153.643267595043
-153.635320867192
-153.640405817466
-153.637026932682
-153.641339684261
-153.641758609815
-153.631994905294
-153.631568382733
-153.640028332273
-153.638703592112
-153.635834939793
-153.6422732565
-153.642263816305
-153.640955815247
-153.640799382609
-153.640661485239
-153.642557225007
-153.643494258129
-153.635880888604
-153.641259153878
-153.641106660661
-153.640736875754
-153.63603803104
-153.638033656359
-153.639844164423
-153.633665049862
-153.639450802644
-153.634584523158
-153.637844987651
-153.634410135651
-153.635420472694
-153.638654565657
-153.638362924563
-153.640594510733
-153.640020654073
-153.639362639854
-153.640977723177
-153.630462432701
-153.639089798867
-153.638190263122
-153.636545006736
-153.642048780702
-153.640818494082
-153.641223796818
-153.639529101775
-153.642515947544
-153.641400692788
-153.638390044424
-153.641919015577
-153.645007689297
-153.63526484278
-153.636672323881
-153.642894901098
-153.641157438977
-153.639761343542
-153.642589702095
-153.639073514491
-153.639136870804
-153.637057330755
-153.635796648674
-153.636239256348
-153.636140227175
-153.634494921701
-153.640858732848
-153.636981704997
-153.641050370223
-153.637967680791
-153.642123865949
-153.634056496138
-153.629643608422
-153.634667315981
-153.63112054327
-153.631978449742
-153.637430829871
-153.639129181724
-153.632113958487
-153.637320831503
-153.638716946651
-153.637863267923
-153.641255834188
-153.640324927735
-153.641066661777
-153.640021425333
-153.642394122665
-153.638117962428
-153.638090963284
-153.634003477115
-153.641320567961
-153.639879830315
-153.643713111683
-153.631863795925
-153.637984177006
-153.639700630527
-153.639162819423
-153.641134576513
-153.633648721411
-153.636866559678
-153.640263052373
-153.640407195009
-153.631910192073
-153.640613648327
-153.639006732949
-153.641691992646
-153.638419039335
