-1.547212499060077562e+02
-1.547104673835245592e+02
-1.547190663388536507e+02
-1.547018674530332873e+02
-1.547195202339151763e+02
-1.547121454915046286e+02
-1.547216050598045172e+02
-1.547227987323786635e+02
-1.547156294544962520e+02
-1.547184303928592328e+02
-1.547119337908511625e+02
-1.547174683313239996e+02
-1.547232173922566574e+02
-1.547110550718730337e+02
-1.547142952101958997e+02
-1.547215740792588008e+02
-1.547022027114046523e+02
-1.547143505329352422e+02
-1.547175027493555888e+02
-1.547137083011547531e+02
-1.547108093533431088e+02
-1.547107016890136890e+02
-1.547109174914013465e+02
-1.547122117503660377e+02
-1.547230272240037721e+02
-1.547181001675126311e+02
-1.547041238560489944e+02
-1.547089526664728965e+02
-1.547191828480050333e+02
-1.547170866314888826e+02
-1.547080541302519521e+02
-1.547213622799434063e+02
-1.547160977117353298e+02
-1.547235801031185360e+02
-1.547206306050746605e+02
-1.547107713944228919e+02
-1.547125275735948549e+02
-1.547158672913154192e+02
-1.547151636958075471e+02
-1.547218415514062428e+02
-1.547181126185375604e+02
-1.547067834262129509e+02
-1.547076417249799647e+02
-1.547046593445085421e+02
-1.547214809621470977e+02
-1.547272701300070139e+02
-1.547234103732985773e+02
-1.547110634272407026e+02
-1.546986059905974003e+02
-1.547056518353135743e+02
-1.547181313744577835e+02
-1.547226953791143274e+02
-1.547207507060715841e+02
-1.547230687887941087e+02
-1.547137926030006554e+02
-1.547187341726662737e+02
-1.547229752820112481e+02
-1.547143024632005108e+02
-1.547115607370471650e+02
-1.546835356561093704e+02
-1.547098272530703582e+02
-1.547234223147586079e+02
-1.547153056128731521e+02
-1.547121423585809055e+02
-1.547214912246910501e+02
-1.547089886930266687e+02
-1.547129117970296193e+02
-1.547167203772090716e+02
-1.547139744932660506e+02
-1.547204685581335752e+02
-1.547083097589097918e+02
-1.547153271580831984e+02
-1.547111632234232275e+02
-1.547172095768527242e+02
-1.547206660788235126e+02
-1.547221385421950401e+02
-1.547102666669420330e+02
-1.547142620083072018e+02
-1.546980234173497308e+02
-1.547135732012635003e+02
-1.547139752562472950e+02
-1.547105987239225158e+02
-1.547042687051527992e+02
-1.547090536718899330e+02
-1.547010477453532928e+02
-1.547122698739064788e+02
-1.547077719038914552e+02
-1.547027908372182878e+02
-1.547257449488063514e+02
-1.547169546663231756e+02
-1.547232769221386093e+02
-1.547167056574409116e+02
-1.547086599270011504e+02
-1.547248387808932932e+02
-1.546977587436070110e+02
-1.547006235263147289e+02
-1.547171005019306165e+02
-1.547066847009394905e+02
-1.547113399038732666e+02
-1.547218478995975772e+02
-1.547194474429925322e+02
-1.547181385511085523e+02
-1.547119518907715587e+02
-1.547169898643786041e+02
-1.547256795323420135e+02
-1.547182459231625842e+02
-1.547193182310866746e+02
-1.547249962711947546e+02
-1.547096716080496321e+02
-1.547147734716558602e+02
-1.547188019714907909e+02
-1.547171730142587762e+02
-1.547228643493567688e+02
-1.547224252736737071e+02
-1.547152501280542936e+02
-1.547083864543516256e+02
-1.547191297521999331e+02
-1.547089748769635378e+02
-1.547053737686483998e+02
-1.547077207040790938e+02
-1.547132900388256189e+02
-1.547194472789023507e+02
-1.547121250053916413e+02
-1.547089047964954318e+02
-1.547145268041162467e+02
-1.547134005737103735e+02
-1.547137910877500246e+02
-1.547092467240202893e+02
-1.547075148905256299e+02
-1.547158530477005058e+02
-1.547313192760157676e+02
-1.547163366944623988e+02
-1.547171666765823943e+02
-1.547146960559431648e+02
-1.547136561985097387e+02
-1.547138302793050570e+02
-1.547223180108905183e+02
-1.547170688713400466e+02
-1.547168886513385075e+02
-1.547128374168997880e+02
-1.547133744448507855e+02
-1.547145178924819504e+02
-1.547206659211740600e+02
-1.547086215269852403e+02
-1.547043304122972813e+02
-1.547128241429977322e+02
-1.547124232834337079e+02
-1.547145825171383251e+02
-1.546996507685538802e+02
-1.547222378030879213e+02
-1.547039666610518509e+02
-1.547242205133034645e+02
-1.547229736855599640e+02
-1.547223408309471040e+02
-1.547141727738653003e+02
-1.547139689182571374e+02
-1.547166824259617215e+02
-1.547200747885783016e+02
-1.547048229673277149e+02
-1.547193957515023044e+02
-1.547255610801123566e+02
-1.547017340588731997e+02
-1.547196705121226046e+02
-1.547239259433061136e+02
-1.547098476859779907e+02
-1.547119613472721085e+02
-1.547199047081070660e+02
-1.547176015219813507e+02
-1.547125560465702279e+02
-1.547187397087192835e+02
-1.547095496981806093e+02
-1.547068594665183809e+02
-1.547087013527215618e+02
-1.547213130161919707e+02
-1.547172409897120531e+02
-1.547116468722817615e+02
-1.547056899156055181e+02
-1.547134503781408625e+02
-1.547149605710361584e+02
-1.547046246887800862e+02
-1.547096697044989355e+02
-1.547243416539633927e+02
-1.547175326407934222e+02
-1.547209541763587026e+02
-1.547152989902775460e+02
-1.547264152428940918e+02
-1.547179757151496347e+02
-1.547139053677027221e+02
-1.547238498612036892e+02
-1.547093939207785240e+02
-1.546969902062221252e+02
-1.547236453598328012e+02
-1.547253054051995207e+02
-1.547071487305236701e+02
-1.547102004133460866e+02
-1.547112191656649145e+02
-1.547210875959847556e+02
-1.547171084171089603e+02
-1.547175239942956182e+02
-1.547081447829744150e+02
-1.547086058054756563e+02
-1.547053560305098472e+02
-1.547187981130866774e+02
-1.547074038877280771e+02
-1.547223961243171004e+02
-1.547164379368587959e+02
-1.547218645135646966e+02
-1.547275574399154721e+02
-1.546956015001620415e+02
-1.547095508315379391e+02
-1.547249596099848077e+02
-1.547199116219707093e+02
-1.547182692224573373e+02
-1.547197988405618503e+02
-1.547209542342979489e+02
-1.547247250752880916e+02
-1.547161635406505695e+02
-1.547207093053654035e+02
-1.547195964711327747e+02
-1.547188615242904177e+02
-1.547227958022172061e+02
-1.547191696133716903e+02
-1.547106997180831058e+02
-1.547115688393722337e+02
-1.547165734429121642e+02
-1.547289507035305860e+02
-1.547065005972598044e+02
-1.547085013701207004e+02
-1.547156062064281627e+02
-1.547062276020396610e+02
-1.547193697394685330e+02
-1.547165383889772841e+02
-1.547196718460796205e+02
-1.547182591524145323e+02
-1.546996200204895047e+02
-1.547033289009268913e+02
-1.547250776581869331e+02
-1.547189397653925482e+02
-1.547035687922706870e+02
-1.547012728947118205e+02
-1.547196002245371460e+02
-1.547140003531037564e+02
-1.547217353269259945e+02
-1.547135434529199358e+02
-1.547171295837204070e+02
-1.547068418839226354e+02
-1.547275667654456583e+02
-1.547051742915671184e+02
-1.547003399456378645e+02
-1.547192509288137785e+02
-1.547207954774343648e+02
-1.547173896169376803e+02
-1.547089144819517230e+02
-1.547220693746747884e+02
-1.547150757150873801e+02
-1.547114351526020073e+02
-1.547092737625958705e+02
-1.547249955814964437e+02
-1.547189612306501090e+02
-1.547188823527122565e+02
-1.547165023497999243e+02
-1.547106046404148287e+02
-1.547077408724937584e+02
-1.547110902153979168e+02
-1.547221880485220709e+02
-1.547182182470187968e+02
-1.547137239498700296e+02
-1.547264225623552818e+02
-1.547187006384200743e+02
-1.547146927835757992e+02
-1.547142524547496123e+02
-1.547083544751444038e+02
-1.547206353604762796e+02
-1.547213029144004111e+02
-1.547295004872864581e+02
-1.547147838134308131e+02
-1.547099404529860749e+02
-1.547145486076203440e+02
-1.547237981988449462e+02
-1.547151497845581218e+02
-1.547195867001377678e+02
-1.547157033553558847e+02
-1.547242553385984252e+02
-1.547107583701097724e+02
-1.547186894437421074e+02
-1.547200111629021251e+02
-1.547095715408325418e+02
-1.547127731329253493e+02
-1.547071157580683973e+02
-1.547202229193942458e+02
-1.547137593086858374e+02
-1.547095746575600970e+02
-1.547088385208832335e+02
-1.547177854910051735e+02
-1.547146883789683613e+02
-1.547226959053840289e+02
-1.547130810522982358e+02
-1.547208902244729529e+02
-1.547186107267645241e+02
-1.547008092290629975e+02
-1.547008000937174472e+02
-1.547063798945096949e+02
-1.547253862142885907e+02
-1.547080059380182320e+02
-1.547195575498388109e+02
-1.547184879473156229e+02
-1.547090985496794531e+02
-1.547221032826567750e+02
-1.547212951966548928e+02
-1.547211838049687174e+02
-1.547142622244365100e+02
-1.547152395843106092e+02
-1.547096088644690042e+02
-1.547200343211883364e+02
-1.547220387392749785e+02
-1.547078062661263687e+02
-1.547205480778328024e+02
-1.547115198508225546e+02
-1.547224793729980661e+02
-1.547098061127813082e+02
-1.547088609186445467e+02
-1.547181959469111234e+02
-1.547155330624168812e+02
-1.547184169150217201e+02
-1.547088452984491482e+02
-1.547077014450096613e+02
-1.547237633298172739e+02
-1.547195875118933373e+02
-1.547059364695371926e+02
-1.547283388526372221e+02
-1.547035005100118212e+02
-1.547196010888285684e+02
-1.547081960964806910e+02
-1.547226735230943575e+02
-1.547009129249659338e+02
-1.547235550103473543e+02
-1.547000889868459126e+02
-1.547113668628021799e+02
-1.547189409878932054e+02
-1.547088229543959130e+02
-1.547166793411557819e+02
-1.547202058524952974e+02
-1.547007871438284496e+02
-1.547137417512093123e+02
-1.547142921408695884e+02
-1.547117158712828484e+02
-1.547213523531916337e+02
-1.547041851074955048e+02
-1.547013390522180600e+02
-1.547054254947464642e+02
-1.547081313164663072e+02
-1.547035128773587758e+02
-1.547148617204845493e+02
-1.547030311138081800e+02
-1.547138230608103129e+02
-1.547129220883323057e+02
-1.547158835634473633e+02
-1.547135487046692504e+02
-1.547039767869183038e+02
-1.547195179918300880e+02
-1.547236354460603707e+02
-1.547080212467091371e+02
-1.547109652680772740e+02
-1.547159235300026126e+02
-1.547126458388297010e+02
-1.547220010824395615e+02
-1.547139568442558470e+02
-1.547224552013872199e+02
-1.547014449826661746e+02
-1.547171668286486010e+02
-1.547249425044797135e+02
-1.547157280917965920e+02
-1.547101288982673566e+02
-1.547172419448856431e+02
-1.547152877583215513e+02
-1.547158185168714510e+02
-1.547232670356259518e+02
-1.547262547482438606e+02
-1.547122690492145409e+02
-1.547158898865505137e+02
-1.547091357653322063e+02
-1.547170308634856042e+02
-1.547230075832858063e+02
-1.547136973205394668e+02
-1.547151449606773781e+02
-1.547140011864768496e+02
-1.547178474517148743e+02
-1.547063876601351922e+02
-1.547023901405311790e+02
-1.547023137208017829e+02
-1.547208995893678036e+02
-1.547129702899167683e+02
-1.546823305911606212e+02
-1.547094845819343050e+02
-1.547151470401143740e+02
-1.547158871828044653e+02
-1.547146855015635651e+02
-1.547135850053924742e+02
-1.547090328459654245e+02
-1.547274988202271686e+02
-1.547184552259822397e+02
-1.547180832554849985e+02
-1.547182637905726210e+02
-1.547174705500626999e+02
-1.547168197753660763e+02
-1.547113922854825034e+02
-1.547116783057702492e+02
-1.547134286104297871e+02
-1.547161274219084817e+02
-1.547127834523692229e+02
-1.547198444035117006e+02
-1.547188523761714407e+02
-1.547053818296111558e+02
-1.547068412979129732e+02
-1.547218765878228339e+02
-1.547231237737845788e+02
-1.547133819499656511e+02
-1.547148248865062783e+02
-1.547074917204952840e+02
-1.547069397559522770e+02
-1.547225647954238070e+02
-1.547227359318821129e+02
-1.547212541838090942e+02
-1.547173505431668161e+02
-1.547120419675095775e+02
-1.547146124118809496e+02
-1.547234410310933583e+02
-1.547202195165611727e+02
-1.547188881046597544e+02
-1.547195636040559634e+02
-1.547104326598785917e+02
-1.547114118026821075e+02
-1.547049644790596687e+02
-1.547191387988827955e+02
-1.547198220480880195e+02
-1.546988439101132258e+02
-1.547168407681629105e+02
-1.547049518073584693e+02
-1.547175166003673041e+02
-1.547199141623251251e+02
-1.547004707885598407e+02
-1.547158620837655008e+02
-1.547126524647031260e+02
-1.547150950198252417e+02
-1.547138879858636074e+02
-1.547183293004864026e+02
-1.547188667863708247e+02
-1.547100526129109710e+02
-1.547085885168062021e+02
-1.547103149196752554e+02
-1.547149249007129015e+02
-1.547134151368483970e+02
-1.547109727578514082e+02
-1.547103136648702844e+02
-1.547229863398408156e+02
-1.547073301544502897e+02
-1.547042769478019295e+02
-1.547115438769328080e+02
-1.547167846178305410e+02
-1.547223075830182211e+02
-1.547206252184866173e+02
-1.547140775187188524e+02
-1.547045986297647460e+02
-1.547038321900156461e+02
-1.547137818011087518e+02
-1.547053466290384449e+02
-1.547124298304149761e+02
-1.547076302044011697e+02
-1.547204143862148271e+02
-1.547061697897009367e+02
-1.547134935705815906e+02
-1.547175814638738132e+02
-1.547112433395202231e+02
-1.547136183769406159e+02
-1.547165022575746605e+02
-1.547171986162141195e+02
-1.547224936626801366e+02
-1.547178516617425430e+02
-1.547133657690505970e+02
-1.547243092031959009e+02
-1.547087143383926104e+02
-1.547180354753784002e+02
-1.547101952832603615e+02
-1.547256647722148557e+02
-1.547128159845732114e+02
-1.547127041454405401e+02
-1.547198809416929635e+02
-1.546977911889661641e+02
-1.547067586326294588e+02
-1.547064908566454733e+02
-1.547199501969355424e+02
-1.547043037959889773e+02
-1.547124428799572229e+02
-1.547239730475092188e+02
-1.547151607487144247e+02
-1.547154821553265833e+02
-1.547038899589474568e+02
-1.547194280537262614e+02
-1.546950025587107405e+02
-1.547029458337331107e+02
-1.547243526043269242e+02
-1.547145231352872656e+02
-1.547238527284242764e+02
-1.547206388050753674e+02
-1.547185392169382681e+02
-1.547231252278601801e+02
-1.547200974021750994e+02
-1.547133864381731314e+02
-1.547101952335975739e+02
-1.547162159580088598e+02
-1.547097338110201861e+02
-1.547000651240063860e+02
-1.547135710950034877e+02
-1.547150037117564807e+02
-1.547212919645845091e+02
-1.547092809584967483e+02
-1.547120034876251395e+02
-1.547012882709395285e+02
-1.546997806134989162e+02
-1.547143244323387137e+02
-1.547153060461201335e+02
-1.547082119971113627e+02
-1.547129479525470401e+02
-1.547210354121531282e+02
-1.547217040263174965e+02
-1.547123074128008398e+02
-1.547096434436906520e+02
-1.547203573210808543e+02
-1.547219690707251232e+02
-1.547112961925788568e+02
-1.547188410008224082e+02
-1.547050010368488131e+02
-1.547062747426464000e+02
-1.547106464726691115e+02
-1.547082125118727447e+02
-1.547167229705690090e+02
-1.547181047344224112e+02
-1.547059094157098116e+02
-1.547079297514497114e+02
-1.547104911412214676e+02
-1.547138656610764542e+02
-1.547151244832186023e+02
-1.547164744232537714e+02
-1.547205593173437421e+02
-1.547061072456777140e+02
-1.547121900942153161e+02
-1.547080442307859585e+02
-1.547036660060130373e+02
-1.547223227518167903e+02
-1.547082652089138151e+02
-1.547169242710216963e+02
-1.547110104058547506e+02
-1.547124764530154550e+02
-1.547071752719680831e+02
-1.547160155281943617e+02
-1.547108713424408108e+02
-1.547035865712179543e+02
-1.547200970220675345e+02
-1.547212693058019681e+02
-1.547222602839945580e+02
-1.547230156286430542e+02
-1.547141953250818744e+02
-1.547221500019695384e+02
-1.547251921714734237e+02
-1.547150734752877668e+02
-1.547125982566975324e+02
-1.547212932169951216e+02
-1.547078816822446470e+02
-1.547167749348955681e+02
-1.547257068094709211e+02
-1.547157091098126500e+02
-1.547168579926583334e+02
-1.547176278924741553e+02
-1.547064202833192894e+02
-1.547117699746244739e+02
-1.547119163023704687e+02
-1.547192318824759525e+02
-1.547143375187203276e+02
-1.547198859437604312e+02
-1.547171578849527691e+02
-1.547225710243749575e+02
-1.547136436108343105e+02
-1.547091633261032371e+02
-1.547163115392669965e+02
-1.547203394892040649e+02
-1.547228461274020788e+02
-1.546981970389004744e+02
-1.547151490166861834e+02
-1.547086544487164588e+02
-1.547114068562374030e+02
-1.547233325176424046e+02
-1.547259049186388893e+02
-1.547139829035299954e+02
-1.547149170214254923e+02
-1.547127803063682734e+02
-1.547131266559818243e+02
-1.547100699363181775e+02
-1.547103358239373563e+02
-1.547107472521803970e+02
-1.547208501855661495e+02
-1.547228956503699919e+02
-1.547135583455423671e+02
-1.547236131658623606e+02
-1.546976319785951830e+02
-1.547166894951234610e+02
-1.547045578724568600e+02
-1.547141166424133303e+02
-1.547210559862851937e+02
-1.547237443874798544e+02
-1.547053050611082199e+02
-1.547189988377687939e+02
-1.546938111941025795e+02
-1.547136349139162803e+02
-1.547224296055788102e+02
-1.546973201211685307e+02
-1.547128500928731683e+02
-1.547087077141170823e+02
-1.547019481309251887e+02
-1.547233148390879194e+02
-1.547065451969364744e+02
-1.547267891916980034e+02
-1.547256560154988563e+02
-1.547006030368759752e+02
-1.547185191346259217e+02
-1.547218267579783912e+02
-1.547147245477349600e+02
-1.547091385178985661e+02
-1.547217886430836131e+02
-1.547056769204638158e+02
-1.547245821331816842e+02
-1.547119264370100495e+02
-1.547164969293055492e+02
-1.547127490106705068e+02
-1.547153010202655992e+02
-1.547215084003721586e+02
-1.547166123419620192e+02
-1.547151331493822113e+02
-1.547246093068668245e+02
-1.547126466571818639e+02
-1.547236042564665865e+02
-1.547097763597118671e+02
-1.547183434346635522e+02
-1.547258003441370988e+02
-1.547113718377308089e+02
-1.547152817386852632e+02
-1.547218419754983358e+02
-1.547063395376337667e+02
-1.547221469446341757e+02
-1.547138501293948423e+02
-1.547083234011492721e+02
-1.547197124000516055e+02
-1.547041336692327604e+02
-1.547113766826474546e+02
-1.547002304077776387e+02
-1.547186918409923067e+02
-1.547067250401202614e+02
-1.547120332410083847e+02
-1.547172946476449056e+02
-1.547142026622651372e+02
-1.547270271969314024e+02
-1.546926701061148322e+02
-1.546914881485193689e+02
-1.547085952539121934e+02
-1.547184331759081601e+02
-1.547140537158841482e+02
-1.547021245308499999e+02
-1.547124604544193573e+02
-1.547172092097804352e+02
-1.547047469846787067e+02
-1.547241233093026267e+02
-1.547048854410170122e+02
-1.547069955746326571e+02
-1.546999256283268096e+02
-1.547056639972879566e+02
-1.547158499282747073e+02
-1.547178702176137222e+02
-1.547220655499871214e+02
-1.547212938129601412e+02
-1.547227555282247806e+02
-1.547173573581306698e+02
-1.547124551683220375e+02
-1.547204555757733431e+02
-1.546949395201615403e+02
-1.547156358419393030e+02
-1.547154339000890104e+02
-1.547158086781897168e+02
-1.547200139350333927e+02
-1.547127764949657092e+02
-1.547130084949372417e+02
-1.547130933602909124e+02
-1.547197391126254615e+02
-1.547258044349735826e+02
-1.547193235688174582e+02
-1.547200746228582204e+02
-1.547154468502268116e+02
-1.547163533826268349e+02
-1.547115445037242125e+02
-1.547195878767920760e+02
-1.547125723335272767e+02
-1.547131309133348225e+02
-1.547014111366286784e+02
-1.547046587239699704e+02
-1.547067391117353452e+02
-1.547041224027918247e+02
-1.547196239398114415e+02
-1.547138304217596669e+02
-1.547039853008188572e+02
-1.547199791160492452e+02
-1.547124185907840968e+02
-1.547186004036491056e+02
-1.547251310835644347e+02
-1.547071808433763920e+02
-1.546973647082916159e+02
-1.547205888096597448e+02
-1.547163171914472741e+02
-1.547158322196114284e+02
-1.547161555426696111e+02
-1.547171324177112979e+02
-1.547193527245318023e+02
-1.547049283841546412e+02
-1.547128107313009195e+02
-1.547187169728073570e+02
-1.547027649267424749e+02
-1.547066618294753084e+02
-1.547245618576037316e+02
-1.547194946413115986e+02
-1.547242192966259609e+02
-1.547120614727782026e+02
-1.547095132036511131e+02
-1.547285594498860632e+02
-1.547249208537613470e+02
-1.547174454516073752e+02
-1.547052535549039476e+02
-1.547189203410857488e+02
-1.546848340935548549e+02
-1.547101946407034916e+02
-1.547195867001377678e+02
-1.547148779395920144e+02
-1.547193169217222533e+02
-1.547146765161626831e+02
-1.547137573024578501e+02
-1.547249804851693682e+02
-1.547102432661062323e+02
-1.547251229928106397e+02
-1.547201631408707101e+02
-1.547115306651481603e+02
-1.547182068349363817e+02
-1.547220721449992311e+02
-1.547145643996926765e+02
-1.547046995134572853e+02
-1.547172742634076599e+02
-1.547139510044491431e+02
-1.547205954451497405e+02
-1.547046608033819268e+02
-1.547052766318026329e+02
-1.547190004415421924e+02
-1.547096423260478559e+02
-1.547290564460984399e+02
-1.547225935280293925e+02
-1.547049121239506917e+02
-1.547211439665257160e+02
-1.547225341425067597e+02
-1.547104762528581716e+02
-1.547186547465774140e+02
-1.547110391826247735e+02
-1.547225651765466523e+02
-1.546964052765329427e+02
-1.547278228809485654e+02
-1.547009761709352347e+02
-1.547170716933808876e+02
-1.547230513868045136e+02
-1.547202135905472176e+02
-1.547158760483181936e+02
-1.547144849695924620e+02
-1.547230116914577138e+02
-1.547088325421495938e+02
-1.547225492874822521e+02
-1.547268388801620915e+02
-1.547076990638526865e+02
-1.547230227906156301e+02
-1.546987079726926311e+02
-1.547185282805254474e+02
-1.547139784903283157e+02
-1.547280178096726786e+02
-1.547063243673381976e+02
-1.547106772078231245e+02
-1.546857008427269591e+02
-1.546993305088439854e+02
-1.546975322269157971e+02
-1.547035276942758912e+02
-1.547166770220702574e+02
-1.547224385752342357e+02
-1.547081930670906615e+02
-1.547211736174075440e+02
-1.547157054470486344e+02
-1.547058103522927013e+02
-1.547079680296801882e+02
-1.547144177400908518e+02
-1.547277962130068829e+02
-1.547164633048936935e+02
-1.547167730544134656e+02
-1.547076574642636047e+02
-1.547029839357475396e+02
-1.547102060751019508e+02
-1.547196958886868003e+02
-1.547190389620534745e+02
-1.547200315334035281e+02
-1.547073540062132224e+02
-1.547106607161921090e+02
-1.547158740817627063e+02
-1.547228773707578569e+02
-1.547062441663120751e+02
-1.547145343553222290e+02
-1.547246077236696635e+02
-1.547095696460409613e+02
-1.547107699759924344e+02
-1.547057285459682134e+02
-1.547144026662747081e+02
-1.547086688026894876e+02
-1.547090559472537734e+02
-1.547106893587449576e+02
-1.547101152867552969e+02
-1.547059456479379094e+02
-1.547116854368155145e+02
-1.547241371410162856e+02
-1.547068431331164220e+02
-1.547144849695924620e+02
-1.547223710653503019e+02
-1.547144590513818798e+02
-1.547255823301249791e+02
-1.547104296836699291e+02
-1.547189510414400502e+02
-1.547175634466230747e+02
-1.547246677098022190e+02
-1.547222414015110417e+02
-1.547078279299599615e+02
-1.547216483541610614e+02
-1.546918136093404996e+02
-1.547168203857374920e+02
-1.547180003933862906e+02
-1.547147341947049881e+02
-1.547127968806839249e+02
-1.547099588840447950e+02
-1.547153815715272458e+02
-1.547137268559526433e+02
-1.547157693475008386e+02
-1.547149225870347209e+02
-1.547158484033345758e+02
-1.547173321229638248e+02
-1.547235445595334511e+02
-1.547148383397942837e+02
-1.547135255904565554e+02
-1.547241360879262686e+02
-1.547024341275350423e+02
-1.547116783337335164e+02
-1.547254337001671729e+02
-1.547044381762969181e+02
-1.547081229343435496e+02
-1.547086236609146965e+02
-1.547157031139085177e+02
-1.547172935345070641e+02
-1.547199195978284365e+02
-1.547151126121644324e+02
-1.547079953752262895e+02
-1.547128690843976813e+02
-1.547129713797681916e+02
-1.547089336214961293e+02
-1.547079479289411950e+02
-1.547031698433036411e+02
-1.547255386385443501e+02
-1.547151356049953677e+02
-1.547129207248310649e+02
-1.547168564790106018e+02
-1.547189369035893378e+02
-1.547252171859500152e+02
-1.547225500042924295e+02
-1.547036406779563436e+02
-1.547050364199793364e+02
-1.547128289713375011e+02
-1.547108842528851937e+02
-1.547145310756117738e+02
-1.547265785061899521e+02
-1.547140780346884696e+02
-1.547134030796598267e+02
-1.547091221504324210e+02
-1.547207498758243958e+02
-1.547209928104379344e+02
-1.547280715118948251e+02
-1.547123946363229265e+02
-1.547162363334799124e+02
-1.547117387318702981e+02
-1.547147481694828741e+02
-1.547158741038209087e+02
-1.547151334412288577e+02
-1.547118592008238807e+02
-1.547204371555303624e+02
-1.547078363201703439e+02
-1.547080568642987259e+02
-1.547146818893587010e+02
-1.547143897742259924e+02
-1.547063296084036779e+02
-1.547247897174227944e+02
-1.547130640695889667e+02
-1.547165664570696606e+02
-1.547015483338588808e+02
-1.547210432789138963e+02
-1.547178925391920075e+02
-1.547058345129049144e+02
-1.546998156797226045e+02
-1.546932835446943386e+02
-1.547197062769885747e+02
-1.547038828782055191e+02
-1.547139619689612005e+02
-1.547048293144977151e+02
-1.547215606451679832e+02
-1.547183139126294691e+02
-1.547164654261736700e+02
-1.547205196579978690e+02
-1.547128967082884401e+02
-1.547156979458591479e+02
-1.547050020749089185e+02
-1.547104532654436184e+02
-1.547094465943023351e+02
-1.547092961290910864e+02
-1.547082828554267451e+02
-1.547165978909939099e+02
-1.547156557699109385e+02
-1.547212448908450426e+02
-1.547288126518013769e+02
-1.547146698495065209e+02
-1.547136271868060362e+02
-1.547078415884935794e+02
-1.547217720494708431e+02
-1.547225241663090856e+02
-1.547076259322990381e+02
-1.547111391513028025e+02
-1.547232602623291768e+02
-1.547195544678130261e+02
-1.547180610054178658e+02
-1.547169216303654196e+02
-1.547151324441023519e+02
-1.547214009775850627e+02
-1.547234312016904312e+02
-1.547110578228584359e+02
-1.547064721042418682e+02
-1.547010311066587178e+02
-1.547243368534350338e+02
-1.547094219752400477e+02
-1.547161097433040595e+02
-1.547113853739782598e+02
-1.547034373978679298e+02
-1.547219137694733604e+02
-1.547152694306226124e+02
-1.547223087989432599e+02
-1.547242653005156114e+02
-1.547038682177196449e+02
-1.547165127921405201e+02
-1.547231323120608124e+02
-1.547095367951932587e+02
-1.547127651106366955e+02
-1.547202485725602799e+02
-1.547247820638353062e+02
-1.547254493041374133e+02
-1.547199694978429534e+02
-1.547124355347692983e+02
-1.547143024345637059e+02
-1.547107065012752400e+02
-1.547203564237515820e+02
-1.547135700957184667e+02
-1.547236901214211002e+02
-1.547161239989729040e+02
-1.547150874233355466e+02
-1.547235800360894018e+02
-1.547173603423209727e+02
-1.547139632546715404e+02
-1.547060742596605110e+02
-1.547125340382892205e+02
-1.547022825935702315e+02
-1.547217361844838877e+02
-1.547145238542689469e+02
-1.547181408190463117e+02
-1.547054072821434829e+02
-1.547111784799361089e+02
-1.547219436124166236e+02
-1.547106748002278493e+02
-1.547099378761181185e+02
-1.547026175086294302e+02
-1.547248557342842332e+02
-1.547134277155968221e+02
-1.547157350709375407e+02
-1.546938462205968392e+02
-1.547261904511961745e+02
-1.547077948523960629e+02
-1.547273867505958265e+02
-1.547051470895679302e+02
-1.547171868405140742e+02
-1.546983943914699751e+02
-1.547127334011879043e+02
-1.547187517168437125e+02
-1.547040816757287018e+02
