-154.824643711959
-154.817765072378
-154.827414765987
-154.81220970915
-154.825852729683
-154.818762093487
-154.82308277759
-154.830074790851
-154.820469121288
-154.819979944601
-154.811764316108
-154.82305661147
-154.828364786685
-154.817278855178
-154.822403359532
-154.825860443803
-154.808074170335
-154.821863762648
-154.821863741097
-154.820484754637
-154.821355636807
-154.817214259927
-154.819806782618
-154.816875906284
-154.829246201657
-154.823856628657
-154.810577153952
-154.818573266577
-154.823307229881
-154.824299630433
-154.81563402746
-154.827218311051
-154.823425903219
-154.828682152482
-154.820847801196
-154.813427570928
-154.815457636178
-154.827253802918
-154.818873375087
-154.827289025974
-154.821610109314
-154.812981589539
-154.816983083018
-154.811288723465
-154.827361160837
-154.833466042203
-154.828860014054
-154.816234054483
-154.805422642377
-154.80749041968
-154.823461516911
-154.8256450691
-154.823609938471
-154.823371701344
-154.816059063831
-154.82963880277
-154.826811781957
-154.815780987806
-154.819250411118
-154.795672295009
-154.816749742509
-154.831453390753
-154.824871859363
-154.815342323153
-154.82929417717
-154.813029348523
-154.820026131359
-154.824682792262
-154.81732784748
-154.826062087964
-154.812480834477
-154.818181548608
-154.815715766412
-154.82314554683
-154.824267590594
-154.824294829302
-154.815687168421
-154.818953811918
-154.806380128123
-154.821052055232
-154.821333659746
-154.822006027451
-154.812575609094
-154.818445319431
-154.812838717824
-154.82089639942
-154.813112859233
-154.81055934904
-154.828022818501
-154.823455469496
-154.828544982551
-154.823443318584
-154.813716202373
-154.828876057257
-154.809976057579
-154.803664887606
-154.826036131714
-154.813160394017
-154.822172820179
-154.829542879562
-154.826207495774
-154.826318800242
-154.820093423737
-154.824315057745
-154.830062255118
-154.824757581276
-154.826476605425
-154.831399592454
-154.81757908507
-154.81809445296
-154.823750605289
-154.821270878972
-154.828304414966
-154.828435090208
-154.82172688719
-154.814624214206
-154.822817095172
-154.810310564535
-154.808728190528
-154.817770716505
-154.819081992348
-154.826033422051
-154.817265458131
-154.811911656624
-154.823353989081
-154.823731118268
-154.824975673122
-154.813015082784
-154.817090726452
-154.819011638132
-154.831292332997
-154.821262666453
-154.819956182368
-154.818007937268
-154.819553067777
-154.823721017345
-154.822913302527
-154.818673989081
-154.820717218426
-154.820344295234
-154.823478334726
-154.819675278235
-154.825040452037
-154.818661086931
-154.807512962045
-154.813610968665
-154.818943574021
-154.821487124929
-154.803447288532
-154.82262969379
-154.812797774778
-154.824237461196
-154.827795394349
-154.830461785716
-154.822477168226
-154.817198915073
-154.827080903718
-154.828322322936
-154.812523023753
-154.824815580334
-154.833664977759
-154.811111139548
-154.826028566339
-154.830471994603
-154.820410842626
-154.819130903132
-154.825293111213
-154.824771164154
-154.81839202933
-154.821777105811
-154.814420563906
-154.815909555457
-154.816046336044
-154.828696193669
-154.824966705554
-154.820640489787
-154.81396660136
-154.823649562792
-154.823711066992
-154.815865871056
-154.816081117494
-154.827467495608
-154.823474620727
-154.825154294499
-154.822336402257
-154.831739910272
-154.820948165458
-154.818078548629
-154.828226083562
-154.818287896826
-154.806603723392
-154.830490315073
-154.831375270415
-154.816126880922
-154.820169219015
-154.814936811138
-154.829131455393
-154.819900252585
-154.823458490317
-154.817899540424
-154.818052119867
-154.811612758009
-154.823103387029
-154.814080448801
-154.826673805469
-154.818210100243
-154.829797340747
-154.833673636236
-154.804871926437
-154.817777975808
-154.827736608878
-154.82966304344
-154.820794879813
-154.827943652426
-154.825504279889
-154.829548312003
-154.823190919996
-154.829996315855
-154.82043749893
-154.820636639369
-154.826844818048
-154.822858064953
-154.815663326795
-154.816546761163
-154.823152647403
-154.832875444927
-154.809672570705
-154.808164153477
-154.822055955655
-154.810825888538
-154.819365780152
-154.821713986948
-154.825642491466
-154.823264191338
-154.812610368477
-154.812569769257
-154.83171425354
-154.822319238583
-154.81147274781
-154.812242300733
-154.824570629449
-154.816533776856
-154.823789364759
-154.821030708565
-154.822690255763
-154.810087717213
-154.828268850906
-154.811580116771
-154.809503300262
-154.825078111341
-154.823910077427
-154.820567357365
-154.813818219972
-154.825086956527
-154.825341980091
-154.816078771182
-154.815343140732
-154.828253778912
-154.82768997552
-154.830939902916
-154.821029262487
-154.817308631246
-154.817341317382
-154.818246072426
-154.823268249885
-154.823153509529
-154.818916609902
-154.834024253194
-154.822401667176
-154.826839729082
-154.819098527688
-154.813424347121
-154.82317356932
-154.825067081183
-154.835229405484
-154.815919398915
-154.818350706329
-154.820703866059
-154.829893070042
-154.822543325281
-154.828247967885
-154.821697906538
-154.826438833154
-154.824864963599
-154.819928921764
-154.825293071364
-154.818853120304
-154.820320675291
-154.816237216739
-154.826781997611
-154.821795285
-154.815341154855
-154.814088668975
-154.822648674956
-154.823369926496
-154.826619452038
-154.81814907124
-154.827332507802
-154.82322946801
-154.809925712111
-154.801729967945
-154.810884349477
-154.831359622473
-154.816588441073
-154.82786019774
-154.825896485782
-154.822120712458
-154.824505065396
-154.826552608681
-154.830042509573
-154.825917458785
-154.818468849869
-154.815570789973
-154.82621016067
-154.82835548
-154.817499648806
-154.825767519073
-154.818942475208
-154.819453832107
-154.820573932463
-154.815595084384
-154.825492883135
-154.823057839511
-154.824573782549
-154.814681964668
-154.818458568152
-154.831059165932
-154.8225760065
-154.816880427154
-154.833617010993
-154.810493261793
-154.823894551026
-154.816332300683
-154.826008700712
-154.804313526134
-154.829359948774
-154.808894473889
-154.824475077675
-154.820010925571
-154.817365663855
-154.822478250885
-154.826348581894
-154.801524349918
-154.823326620914
-154.825381957133
-154.815358209247
-154.829386146592
-154.813658374556
-154.814703607576
-154.815356126802
-154.817487365138
-154.811416738625
-154.819665444111
-154.812109943701
-154.815298163045
-154.821155779963
-154.823637567649
-154.814186423577
-154.814738184099
-154.824941360584
-154.826885550753
-154.813609291094
-154.820263038331
-154.817172849704
-154.820978852283
-154.824995304015
-154.823198699722
-154.827544625339
-154.805917449386
-154.817429032979
-154.828118223018
-154.81940377268
-154.816708371179
-154.826284836441
-154.820195955096
-154.822022850286
-154.830816345064
-154.831230582689
-154.819541148316
-154.825188522549
-154.818441410332
-154.821854625195
-154.826602108444
-154.820150550759
-154.826589002605
-154.818979603677
-154.822337824832
-154.816362567969
-154.816888982881
-154.810223669809
-154.822523025144
-154.818840246341
-154.790769955499
-154.821222445599
-154.818521130041
-154.821946797327
-154.823740928621
-154.822712788895
-154.819767480933
-154.827906896837
-154.822527690657
-154.825030611202
-154.829261952809
-154.827928886063
-154.822522291028
-154.812042376469
-154.817225569783
-154.822560708869
-154.82289695912
-154.823238118595
-154.823019812977
-154.826884867341
-154.814821458274
-154.812710374186
-154.827843196945
-154.826316780559
-154.82203476722
-154.824318608897
-154.816331330167
-154.813507356882
-154.826628598356
-154.826224011732
-154.828765356344
-154.822536792654
-154.820876416033
-154.822494737491
-154.828693971871
-154.82203335005
-154.827590367319
-154.826758840929
-154.81659826825
-154.813640158889
-154.81554992522
-154.828018195474
-154.826332907456
-154.811834085416
-154.821957048307
-154.813958881663
-154.819336235935
-154.82960289526
-154.81023557669
-154.822975253
-154.823740287224
-154.825534174057
-154.82087803062
-154.823422229676
-154.824842271307
-154.815734541441
-154.814464219743
-154.817076192462
-154.821085620107
-154.81433454894
-154.818351550795
-154.820048657566
-154.830695168762
-154.815071087977
-154.81384069172
-154.817127779176
-154.820263921304
-154.8282158785
-154.829796029874
-154.822218967007
-154.815547600276
-154.812831470305
-154.822181103402
-154.815664679036
-154.819827373747
-154.822134269029
-154.82392635656
-154.81353237164
-154.818236925181
-154.815463376307
-154.81660473816
-154.824892277218
-154.822287037971
-154.825768682644
-154.827676958283
-154.8227664125
-154.824216266935
-154.827508723259
-154.81363455628
-154.820663478045
-154.818831758109
-154.830731148833
-154.818698951538
-154.820753479679
-154.823439322337
-154.803880802625
-154.814037034336
-154.818221343942
-154.824327234095
-154.817041416665
-154.814375740881
-154.830791906368
-154.817139767549
-154.821895016024
-154.80390694015
-154.823552865354
-154.804293107132
-154.812681488171
-154.828572544525
-154.818288514984
-154.828711409971
-154.826615635147
-154.821811787427
-154.828710784726
-154.823013302828
-154.817942169732
-154.812005672202
-154.82365202623
-154.816217953586
-154.809135224541
-154.823571787099
-154.825352233388
-154.82800725259
-154.816767034227
-154.816482844675
-154.815764335559
-154.806834780561
-154.822533506484
-154.820068932417
-154.817862305877
-154.822229630975
-154.826899400937
-154.826059571892
-154.819307713394
-154.818411107851
-154.825744147808
-154.827150264949
-154.812909093877
-154.822586446952
-154.815949662213
-154.814084860367
-154.817540396582
-154.816000932685
-154.821763035532
-154.826103732034
-154.817862221356
-154.816688195522
-154.815331571504
-154.819465187372
-154.817260742598
-154.823284843452
-154.828496040791
-154.81644489059
-154.819707163657
-154.807049949328
-154.812277832731
-154.829587774288
-154.820007569258
-154.81937564787
-154.818162581834
-154.816157798613
-154.811418477605
-154.825123177244
-154.819775307987
-154.809003360411
-154.824371160018
-154.831451064382
-154.826025517604
-154.824450450423
-154.823278249366
-154.823404623087
-154.831109622645
-154.823435091104
-154.817185898944
-154.823028315518
-154.817700084489
-154.821990497869
-154.826883913499
-154.825485792537
-154.819642253666
-154.822786045984
-154.808494111143
-154.820004844808
-154.817497166797
-154.829929785355
-154.820451077128
-154.822927463366
-154.82932712027
-154.826712744177
-154.818373484767
-154.817449408934
-154.82061225881
-154.829289089529
-154.830149249826
-154.810433619259
-154.820419473805
-154.816775434959
-154.821556214129
-154.828946982276
-154.830202434983
-154.821180068167
-154.82021617759
-154.820868679765
-154.823030587337
-154.81577427469
-154.814539092251
-154.820170535583
-154.825411812299
-154.827506424125
-154.820745722647
-154.827733582162
-154.804795342602
-154.820244153495
-154.816044344788
-154.822182712601
-154.827132361383
-154.829470400807
-154.814404317523
-154.827098722873
-154.808067036226
-154.823336267168
-154.826290941005
-154.810885083809
-154.820437026161
-154.819280878533
-154.814787835707
-154.832182883191
-154.812858015144
-154.830455130751
-154.828384345563
-154.810186444476
-154.824147698859
-154.827804004022
-154.824756180877
-154.819137343461
-154.825651526393
-154.810470478476
-154.830064181226
-154.82291262571
-154.817700276835
-154.820091298193
-154.823793389553
-154.830498106868
-154.823838966278
-154.821309606999
-154.82655911551
-154.818597868353
-154.828790755521
-154.817499662057
-154.820456267114
-154.830448962277
-154.815579311568
-154.822344630029
-154.82365859975
-154.815270728609
-154.827900207513
-154.817940888891
-154.82034911541
-154.82944362806
-154.811433410287
-154.815079654832
-154.80633660301
-154.823358955722
-154.814211813541
-154.821346602625
-154.816202784221
-154.821422390077
-154.830389791088
-154.800692754539
-154.80694800926
-154.81529238673
-154.820450777447
-154.824154800147
-154.806814607837
-154.81395547698
-154.819072729421
-154.810370700431
-154.830692556304
-154.814053145765
-154.813376526994
-154.809740822006
-154.81289534409
-154.822449499173
-154.825354329387
-154.829148373444
-154.824817416365
-154.829667745207
-154.822585866644
-154.825479829564
-154.830617053473
-154.802724444112
-154.819713505064
-154.818652105543
-154.823521051485
-154.81972079997
-154.81909642946
-154.820501019003
-154.823958111934
-154.827505922251
-154.826812721003
-154.826896281181
-154.829198629897
-154.823441874693
-154.821814255333
-154.813730028708
-154.820052004872
-154.818973841402
-154.823858254123
-154.813733075903
-154.815872266451
-154.813387076273
-154.816752464993
-154.827046053187
-154.811394099449
-154.816760060845
-154.825831287674
-154.818397370358
-154.822326639584
-154.827269858413
-154.814995578144
-154.803636200934
-154.824523557624
-154.823282069586
-154.816796088299
-154.821095384216
-154.825855163712
-154.823143389496
-154.812779706288
-154.817958768608
-154.824105775586
-154.814931568502
-154.816940013239
-154.827657866514
-154.817704568975
-154.831259349851
-154.820526258561
-154.813264376739
-154.832482684278
-154.831266389253
-154.82045223052
-154.81083138284
-154.828204365907
-154.796177584268
-154.816077904063
-154.828247967885
-154.825968007928
-154.823249692193
-154.818210459812
-154.824905313793
-154.831775634939
-154.817577818875
-154.829631072312
-154.825379175555
-154.818337299597
-154.820737302353
-154.83184356684
-154.821992525034
-154.809885070639
-154.823749271543
-154.816730493537
-154.827029809495
-154.816535818757
-154.814243920918
-154.823622346671
-154.817878189572
-154.830598239305
-154.827853801663
-154.807570164404
-154.830186128339
-154.827802282807
-154.815775276831
-154.825728251383
-154.818138825816
-154.829713947408
-154.804829956572
-154.831504201474
-154.813383574951
-154.819504136584
-154.828913359161
-154.825762759839
-154.824334387815
-154.81884254366
-154.829415012264
-154.81461825773
-154.822855099656
-154.828405634188
-154.809943120431
-154.826718953186
-154.805329091173
-154.823712301471
-154.822597521326
-154.829782544009
-154.813400524864
-154.819297036839
-154.796271005317
-154.811492433259
-154.810098952215
-154.812918032914
-154.823639108252
-154.8242466665
-154.812895678105
-154.827242072359
-154.820291761693
-154.81317455248
-154.820119241388
-154.823279179943
-154.82844798371
-154.823554235908
-154.821842694264
-154.821673041666
-154.816916514749
-154.819258835707
-154.828535687264
-154.823618921424
-154.828944794142
-154.812841448816
-154.81368088709
-154.820004016577
-154.827763144888
-154.817148660118
-154.820590031547
-154.825826152245
-154.821613564265
-154.814723675489
-154.81502625503
-154.822692281074
-154.810789402954
-154.819017825094
-154.821184696058
-154.822093994201
-154.81735482058
-154.821013524998
-154.824930121743
-154.814050188418
-154.81884254366
-154.825401636283
-154.817877468329
-154.827795219403
-154.815284563006
-154.823652425717
-154.820449374499
-154.82901674559
-154.829069388773
-154.812863294054
-154.829954436529
-154.805199294348
-154.822712281543
-154.825992922563
-154.81821197869
-154.819352174627
-154.819021113277
-154.81958020987
-154.822811458278
-154.821462320352
-154.826807559654
-154.823707160375
-154.816870403367
-154.829421578562
-154.822297854897
-154.824542009584
-154.82936783894
-154.807441701709
-154.817505291666
-154.829559129785
-154.814753350595
-154.815104906697
-154.818844859738
-154.822546208703
-154.82579412429
-154.828371839316
-154.821542867668
-154.813102297453
-154.817314588123
-154.817953996671
-154.815026275992
-154.812556343995
-154.81132821694
-154.828771751976
-154.823331472803
-154.816482609744
-154.824358792854
-154.825866243134
-154.831863882518
-154.826846081227
-154.811636610674
-154.815015516381
-154.821308299029
-154.818096622034
-154.823066544813
-154.830737898092
-154.819805015927
-154.819822194217
-154.813690001218
-154.827815615475
-154.821664748419
-154.83513533062
-154.815754877209
-154.824595770639
-154.8200215575
-154.821115652531
-154.826859433301
-154.820955432046
-154.820647848589
-154.82491147688
-154.815306873754
-154.814472691687
-154.814555506242
-154.815634530517
-154.814777664086
-154.82837208036
-154.821919635813
-154.823892563615
-154.811373912721
-154.824913561744
-154.82305848201
-154.813796261459
-154.809174918508
-154.806529001737
-154.821504877095
-154.809332529502
-154.816688389327
-154.815205589618
-154.827451282331
-154.823149770528
-154.823097748156
-154.823780875221
-154.817884774369
-154.824471912685
-154.810976502569
-154.8169348731
-154.819017357302
-154.815250350752
-154.809071369347
-154.819254223248
-154.828764845117
-154.826505791535
-154.832422022062
-154.822773600262
-154.820630272715
-154.811619085974
-154.826450414386
-154.828496063303
-154.812926537569
-154.816078669106
-154.826639652204
-154.827326577141
-154.826176689043
-154.821966742019
-154.821426216894
-154.82759784581
-154.829948475785
-154.813127899521
-154.816065860913
-154.801952680344
-154.832666471437
-154.818145652335
-154.826927700302
-154.818881936141
-154.8087238782
-154.825601272679
-154.820941818987
-154.825332965099
-154.831072552269
-154.810650855229
-154.820126313343
-154.83166473386
-154.814207737768
-154.817557332201
-154.825273454843
-154.830339211649
-154.830439116798
-154.826541036944
-154.82335541363
-154.817095133075
-154.821135052224
-154.820933973063
-154.818061215559
-154.827651423797
-154.81710018108
-154.825053214428
-154.827503355793
-154.821821109213
-154.820065123035
-154.810636939474
-154.818079803671
-154.815453897644
-154.825550757515
-154.820790429243
-154.822538465104
-154.810658608178
-154.819239874025
-154.827959983246
-154.818005740788
-154.816706426254
-154.812601425879
-154.826409139482
-154.819640784885
-154.818744964822
-154.80354336157
-154.826232378273
-154.815274411284
-154.825921225858
-154.814353856608
-154.828170616539
-154.806804373923
-154.818398611352
-154.82707356381
-154.813994934623
