-153.4102045
-153.4059302
-153.4090326
-153.4103659
-153.4144573
-153.4104881
-153.4152971
-153.4101734
-153.4128792
-153.4063888
-153.4146629
-153.4113076
-153.4171461
-153.4090006
-153.4113245
-153.4161913
-153.4094644
-153.4158073
-153.4105433
-153.4059664
-153.4062491
-153.4110555
-153.4177308
-153.4028432
-153.4126999
-153.4110509
-153.4037352
-153.4063731
-153.4111022
-153.4120791
-153.410948
-153.4045489
-153.4104258
-153.4115571
-153.4161362
-153.4029899
-153.4175104
-153.4144119
-153.4165547
-153.4135653
-153.4150051
-153.4120717
-153.4145086
-153.4127464
-153.4148001
-153.415687
-153.4132607
-153.408461
-153.4145544
-153.4054469
-153.4097689
-153.414436
-153.4093955
-153.4070938
-153.4032186
-153.4116106
-153.4123449
-153.4156931
-153.4107729
-153.4155916
-153.4157797
-153.4144785
-153.4113284
-153.4140635
-153.408695
-153.4156069
-153.4112623
-153.402739
-153.4164891
-153.4073754
-153.4064459
-153.4128694
-153.4080108
-153.4064381
-153.4096368
-153.4131791
-153.4062068
-153.4137237
-153.4104237
-153.416741
-153.4164291
-153.4139102
-153.4097617
-153.4066869
-153.412734
-153.4139466
-153.4146747
-153.4060329
-153.4113673
-153.4139089
-153.4136794
-153.4148491
-153.4138272
-153.414753
-153.4133236
-153.4058503
-153.4157972
-153.4083202
-153.4006183
-153.4146838
-153.4178895
-153.4083897
-153.4041342
-153.4078663
-153.4142091
-153.4129988
-153.4114937
-153.4077723
-153.4124207
-153.4094323
-153.3975715
-153.4101646
-153.4072813
-153.4089407
-153.4075315
-153.4122287
-153.4154659
-153.4111824
-153.4131981
-153.4098702
-153.4140689
-153.4107622
-153.4101092
-153.4079884
-153.4079681
-153.410344
-153.4107859
-153.4106191
-153.4115226
-153.408789
-153.4135415
-153.4103546
-153.4135753
-153.410273
-153.4138188
-153.4134814
-153.4117904
-153.4106942
-153.4104567
-153.4127967
-153.4152683
-153.4129968
-153.4110945
-153.4065567
-153.4142125
-153.4098245
-153.415415
-153.409429
-153.4102893
-153.414204
-153.4090131
-153.4041328
-153.4110988
-153.4137055
-153.4092258
-153.4064272
-153.4104811
-153.4034306
-153.4112345
-153.4127595
-153.4139503
-153.4066397
-153.4155352
-153.4090323
-153.4138336
-153.4110096
-153.4136645
-153.4084709
-153.4157292
-153.4068156
-153.4145421
-153.4130604
-153.4147062
-153.4102037
-153.4033951
-153.4094648
-153.4123657
-153.4000556
-153.4083287
-153.4019224
-153.4114366
-153.412402
-153.4137866
-153.4125841
-153.4086525
-153.4121889
-153.4093699
-153.3996996
-153.4048178
-153.4131459
-153.4104693
-153.4118164
-153.4126451
-153.4109181
-153.4151835
-153.4155072
-153.4076275
-153.4085659
-153.412115
-153.4128897
-153.4143276
-153.4143684
-153.4127167
-153.4148339
-153.3973892
-153.408292
-153.4119613
-153.4131174
-153.409771
-153.4114036
-153.4139499
-153.4094779
-153.3993344
-153.4137729
-153.4085136
-153.4110055
-153.4103386
-153.4124775
-153.411852
-153.4103101
-153.4112806
-153.4132845
-153.4063879
-153.4127991
-153.4028489
-153.4087835
-153.4138743
-153.4167369
-153.4144205
-153.4073347
-153.4146877
-153.4043884
-153.4093301
-153.4143033
-153.4166883
-153.4147388
-153.4100343
-153.4091417
-153.4136915
-153.413308
-153.4057468
-153.4171105
-153.4157343
-153.4105462
-153.4162163
-153.4039142
-153.4159971
-153.4139737
-153.4142545
-153.4100215
-153.4076172
-153.4150299
-153.4096379
-153.4147635
-153.4109994
-153.4131496
-153.4103204
-153.413549
-153.412197
-153.4105746
-153.4062534
-153.412687
-153.4154403
-153.4144588
-153.4160639
-153.4136007
-153.4053891
-153.4115543
-153.4075149
-153.4120874
-153.4144271
-153.4099052
-153.4115597
-153.4143149
-153.4137998
-153.4123857
-153.4150488
-153.4149875
-153.4039882
-153.4070312
-153.4078684
-153.4118349
-153.4176637
-153.4065184
-153.416238
-153.4129922
-153.4063279
-153.4150449
-153.4093079
-153.4120864
-153.414924
-153.4140325
-153.412685
-153.412132
-153.4114726
-153.4122414
-153.4139687
-153.4116387
-153.4148244
-153.401625
-153.4123906
-153.4135681
-153.4092178
-153.4083375
-153.4099924
-153.4085224
-153.4121321
-153.4157015
-153.4128705
-153.4087477
-153.4109556
-153.4158498
-153.4130356
-153.412837
-153.4099282
-153.4048716
-153.4039942
-153.409886
-153.4105038
-153.4174625
-153.4065125
-153.4132885
-153.4108791
-153.4138145
-153.4142589
-153.41382
-153.413716
-153.4169136
-153.4077033
-153.4127928
-153.4078527
-153.4118529
-153.4085704
-153.4110951
-153.4143119
-153.4116684
-153.4128669
-153.4103897
-153.4134257
-153.4154697
-153.4119777
-153.4093299
-153.4081301
-153.4121556
-153.4098037
-153.4076338
-153.400775
-153.406805
-153.4082132
-153.4144531
-153.4116624
-153.412722
-153.4128046
-153.417876
-153.4149315
-153.4128752
-153.4150917
-153.4109563
-153.4135534
-153.4120091
-153.4148308
-153.4147401
-153.4144052
-153.4152049
-153.4158353
-153.4100328
-153.4088498
-153.4090283
-153.4150414
-153.4133891
-153.4154016
-153.4092634
-153.4068447
-153.4136779
-153.4084729
-153.4164511
-153.4102259
-153.41251
-153.4057695
-153.4088606
-153.4106874
-153.4150943
-153.403971
-153.4153252
-153.4158823
-153.4177693
-153.4137273
-153.4081773
-153.4088034
-153.405359
-153.4114515
-153.408317
-153.4125813
-153.4092103
-153.4098033
-153.4097827
-153.4159176
-153.4105552
-153.408615
-153.4057986
-153.4134581
-153.4127884
-153.4121573
-153.4142259
-153.4126364
-153.4131738
-153.4085076
-153.4143598
-153.412954
-153.4139382
-153.4100923
-153.4118997
-153.4099471
-153.4115581
-153.4049839
-153.4040853
-153.4059419
-153.4118226
-153.411178
-153.4064148
-153.4053994
-153.4170644
-153.4122973
-153.4073116
-153.4127131
-153.4143006
-153.4148109
-153.412072
-153.4139264
-153.4092155
-153.4141034
-153.4110468
-153.4045867
-153.4149254
-153.4135232
-153.4077406
-153.4053735
-153.4157939
-153.4117587
-153.4142357
-153.4108229
-153.4164376
-153.4092413
-153.4161561
-153.404609
-153.4147543
-153.4070089
-153.4127087
-153.4143674
-153.4135011
-153.4153646
-153.4171537
-153.4113113
-153.4144532
-153.4146483
-153.4116427
-153.4088339
-153.416749
-153.4115587
-153.414975
-153.416421
-153.4115456
-153.4095452
-153.409231
-153.4066761
-153.4172623
-153.4113975
-153.4123055
-153.4142268
-153.4120725
-153.4068768
-153.4119605
-153.4085451
-153.4087046
-153.4147688
-153.4040164
-153.4138313
-153.4112196
-153.4067294
-153.4156989
-153.4149555
-153.4113522
-153.4101787
-153.4061663
-153.4153627
-153.4129505
-153.4096426
-153.4163182
-153.414368
-153.4104704
-153.4118577
-153.4126694
-153.4096387
-153.4120668
-153.4092456
-153.4046898
-153.4050947
-153.3983509
-153.4144532
-153.4138435
-153.4141477
-153.4144961
-153.4128106
-153.4078328
-153.39889
-153.4152425
-153.4152569
-153.4141333
-153.4167331
-153.4116299
-153.4077865
-153.4154787
-153.4165525
-153.4143156
-153.410694
-153.4088776
-153.4093571
-153.4112543
-153.4157555
-153.4130813
-153.4156425
-153.4124237
-153.4144737
-153.4109522
-153.4150662
-153.4126137
-153.4098666
-153.4177214
-153.4122142
-153.4157371
-153.4096562
-153.4166302
-153.4123921
-153.4137099
-153.411416
-153.4148772
-153.4106485
-153.4057779
-153.4158135
-153.4096869
-153.4138756
-153.4142209
-153.4133973
-153.4097708
-153.4145336
-153.4151377
-153.4120674
-153.413519
-153.415018
-153.4157145
-153.4110891
-153.4138951
-153.4143217
-153.4119466
-153.4057183
-153.4130798
-153.4120035
-153.4127578
-153.4130036
-153.4068676
-153.4100452
-153.4125579
-153.4142359
-153.4129112
-153.4141741
-153.414668
-153.4141215
-153.4125517
-153.4102742
-153.4163006
-153.412371
-153.4031304
-153.4081345
-153.4136527
-153.4141207
-153.4152054
-153.4158356
-153.4094514
-153.4107114
-153.4138522
-153.4145385
-153.411152
-153.4101549
-153.412845
-153.407897
-153.4104027
-153.4123738
-153.4114198
-153.4103114
-153.4097881
-153.4125063
-153.4072324
-153.4090931
-153.4150984
-153.4136157
-153.4111694
-153.4113772
-153.4125691
-153.4103002
-153.4083272
-153.410374
-153.4133779
-153.4045619
-153.4134333
-153.4137283
-153.4125793
-153.4096484
-153.4144489
-153.4128137
-153.4106697
-153.4136543
-153.4144819
-153.4162729
-153.4071809
-153.4005807
-153.4077156
-153.414244
-153.4108267
-153.4081897
-153.4086245
-153.4118683
-153.4117841
-153.4085108
-153.4128545
-153.4156616
-153.4111379
-153.412295
-153.4115489
-153.4105873
-153.4099778
-153.4040108
-153.412937
-153.4060384
-153.4126229
-153.4140791
-153.4165982
-153.4112482
-153.41334
-153.4120798
-153.4065421
-153.4099788
-153.4170971
-153.4151781
-153.4111768
-153.4159259
-153.4088991
-153.4125514
-153.4142576
-153.4176677
-153.4093117
-153.4151849
-153.4174861
-153.4141244
-153.4129867
-153.413286
-153.4095493
-153.4131243
-153.4146996
-153.4167736
-153.4155375
-153.4006593
-153.415379
-153.4133569
-153.4132161
-153.4102951
-153.4075533
-153.4090321
-153.4020368
-153.4098009
-153.4134128
-153.4004597
-153.4138488
-153.4143672
-153.4027615
-153.4126815
-153.4151323
-153.4124169
-153.4131139
-153.4171482
-153.415329
-153.4126631
-153.4108194
-153.4150155
-153.4091068
-153.4122975
-153.4155554
-153.4146932
-153.40825
-153.4110342
-153.4059037
-153.4101631
-153.4045181
-153.4127258
-153.4092678
-153.410887
-153.4167609
-153.4176743
-153.4137935
-153.409931
-153.4125525
-153.403722
-153.4117958
-153.4132953
-153.4093579
-153.4146468
-153.4015563
-153.405901
-153.4131796
-153.4088143
-153.4080549
-153.4163356
-153.4144191
-153.4100922
-153.4079563
-153.4112011
-153.4124236
-153.4118083
-153.4066963
-153.409426
-153.4080477
-153.4151529
-153.4112133
-153.4166289
-153.4083308
-153.4077369
-153.4116876
-153.4116057
-153.4147805
-153.409311
-153.4119641
-153.417461
-153.4144461
-153.4099073
-153.4088655
-153.4064845
-153.4114793
-153.4113847
-153.4106993
-153.4108638
-153.4116953
-153.4118014
-153.4161722
-153.4140436
-153.4129188
-153.415108
-153.4144681
-153.4086258
-153.4137603
-153.4096684
-153.4154906
-153.4144153
-153.4138325
-153.413372
-153.413627
-153.4129162
-153.4160608
-153.4160213
-153.4098016
-153.4058848
-153.4066016
-153.4103722
-153.4120628
-153.4099388
-153.4157778
-153.4186343
-153.4136335
-153.4139563
-153.4132588
-153.4129473
-153.40441
-153.4134791
-153.4151115
-153.4136382
-153.4117866
-153.4097001
-153.4131197
-153.4108508
-153.4085978
-153.4143528
-153.4075156
-153.4083971
-153.4141937
-153.4168685
-153.4143485
-153.4103375
-153.4078354
-153.4078826
-153.4144935
-153.4095584
-153.4117862
-153.4081136
-153.4118612
-153.4029432
-153.4057463
-153.4032832
-153.4127234
-153.4053269
-153.4081428
-153.4047581
-153.4102706
-153.4144026
-153.4144225
-153.4100656
-153.4090101
-153.4142419
-153.4096675
-153.4105534
-153.4083519
-153.4113208
-153.4133827
-153.4124732
-153.4129062
-153.4133326
-153.4144428
-153.4161394
-153.4158744
-153.4114702
-153.4127079
-153.415185
-153.4129226
-153.407849
-153.4108331
-153.4157449
-153.4155079
-153.411383
-153.4116446
-153.4094498
-153.4081134
-153.4146441
-153.405387
-153.4082389
-153.4156383
-153.4054185
-153.4145985
-153.4100108
-153.4162201
-153.4104133
-153.4172509
-153.4125747
-153.4099392
-153.410848
-153.4162029
-153.4095171
-153.4107219
-153.4108818
-153.4143882
-153.4058195
-153.40726
-153.4112918
-153.4132375
-153.4107561
-153.4128302
-153.4168737
-153.4055166
-153.4117677
-153.4145418
-153.4126233
-153.417432
-153.4101141
-153.4010551
-153.4132256
-153.4112194
-153.4109441
-153.4106023
-153.4138366
-153.4116049
-153.4157769
-153.4097949
-153.4167639
-153.4116096
-153.4169359
-153.403637
-153.4128221
-153.4142766
-153.41399
-153.416129
-153.4130326
-153.4143869
-153.4164447
-153.4051857
-153.4123439
-153.4134753
-153.4131855
-153.4153213
-153.412947
-153.412812
-153.4165008
-153.4127676
-153.4138917
-153.4113006
-153.4126672
-153.4139927
-153.4108153
-153.4158443
-153.4112746
-153.417151
-153.4163351
-153.4076768
-153.4127129
-153.4089686
-153.4144577
-153.4152234
-153.4042896
-153.4050059
-153.4128504
-153.4101221
-153.4079022
-153.4147718
-153.4147819
-153.4134063
-153.4130293
-153.413195
-153.4143382
-153.4164727
-153.4093207
-153.413913
-153.4138113
-153.4135826
-153.4100008
-153.4101465
-153.4120133
-153.4054182
-153.4116693
-153.4058396
-153.4097095
-153.406968
-153.4076695
-153.4115763
-153.411387
-153.4121926
-153.4124539
-153.411372
-153.4141814
-153.4029947
-153.4122571
-153.4114324
-153.4088099
-153.4149579
-153.4131885
-153.4133726
-153.4116219
-153.4154809
-153.4141675
-153.4111563
-153.4148976
-153.4174367
-153.4068737
-153.4086793
-153.4155272
-153.4139284
-153.4124346
-153.4150896
-153.4110307
-153.4109655
-153.4077974
-153.4079375
-153.407826
-153.4087702
-153.4068788
-153.4140103
-153.4098855
-153.4137537
-153.4102555
-153.4150723
-153.4067802
-153.400955
-153.405935
-153.4020999
-153.4037916
-153.4096382
-153.4123436
-153.4046581
-153.4099533
-153.4119128
-153.4109743
-153.4143587
-153.4135495
-153.4139503
-153.4119466
-153.4146705
-153.4111567
-153.409997
-153.4062356
-153.4131437
-153.4115576
-153.4162987
-153.40448
-153.4099795
-153.4124258
-153.4117365
-153.4129261
-153.4056127
-153.4093703
-153.4123272
-153.4121601
-153.4039194
-153.4132944
-153.4115359
-153.4135629
-153.4108698