-79.69841456
-79.68410236
-79.6861427
-79.68846561
-79.6877971
-79.68876881
-79.68558476
-79.6934214
-79.69187408
-79.69004317
-79.69047063
-79.68801835
-79.6880166
-79.68888302
-79.69521305
-79.69099831
-79.69172865
-79.6938229
-79.69020206
-79.6913008
-79.6877694
-79.6944931
-79.69260835
-79.69030645
-79.68893946
-79.68788051
-79.69275482
-79.69202543
-79.69036047
-79.69170943
-79.69298448
-79.69086081
-79.69147923
-79.69289897
-79.68277887
-79.68850975
-79.6936456
-79.69206675
-79.69374248
-79.68851968
-79.68685611
-79.69149615
-79.68483804
-79.68736524
-79.68637457
-79.68797768
-79.68459045
-79.68752548
-79.6929996
-79.69225599
-79.69182813
-79.69259981
-79.69260533
-79.69050111
-79.69397198
-79.69223923
-79.68732649
-79.69324605
-79.6930373
-79.68867863
-79.68665083
-79.68973275
-79.69252243
-79.69444885
-79.69064291
-79.68355556
-79.68474788
-79.68563636
-79.68688985
-79.69143002
-79.68777085
-79.68565086
-79.69113457
-79.68741761
-79.6916752
-79.69177685
-79.69116216
-79.68734652
-79.68729068
-79.68570783
-79.68573429
-79.68518158
-79.69333055
-79.69088135
-79.67907757
-79.68931776
-79.68836513
-79.68812295
-79.68797758
-79.6911346
-79.69314579
-79.68602917
-79.69207776
-79.68754229
-79.69113624
-79.69335344
-79.68873078
-79.68836658
-79.68765649
-79.68944041
-79.6909388
-79.69112483
-79.688024
-79.6949423
-79.68957289
-79.69543749
-79.69160864
-79.6846606
-79.69147213
-79.69072394
-79.6928335
-79.69016364
-79.6903418
-79.68065461
-79.69130957
-79.6865595
-79.68923084
-79.69126574
-79.68486335
-79.68872294
-79.69041657
-79.69396257
-79.69217814
-79.68383264
-79.69031288
-79.6908717
-79.68681561
-79.68775677
-79.68698333
-79.69146835
-79.68631499
-79.68875952
-79.68832926
-79.68524183
-79.69001208
-79.69159875
-79.69408832
-79.68704977
-79.6864767
-79.69092937
-79.68525745
-79.68833273
-79.68416237
-79.68942111
-79.69057159
-79.688069
-79.68906216
-79.68647326
-79.68904272
-79.68677309
-79.68485216
-79.68909938
-79.68767581
-79.68618275
-79.6789982
-79.68738835
-79.68921764
-79.68800991
-79.69005726
-79.6879246
-79.69189454
-79.69463316
-79.68930407
-79.69275402
-79.68951757
-79.69232563
-79.69146254
-79.69141554
-79.69433848
-79.6905362
-79.69075033
-79.68543966
-79.68743527
-79.68804758
-79.69277732
-79.67766284
-79.68709627
-79.6853474
-79.69005279
-79.68945409
-79.68805893
-79.68759217
-79.68335236
-79.69016221
-79.6911978
-79.68842296
-79.68390154
-79.6875731
-79.68413746
-79.69193207
-79.68839852
-79.68942111
-79.68868283
-79.69287342
-79.69076492
-79.68756605
-79.69146234
-79.69367782
-79.69363781
-79.69195085
-79.68905659
-79.69117908
-79.68854879
-79.69129075
-79.68661242
-79.68795324
-79.68800884
-79.69308546
-79.69093559
-79.69013848
-79.69316246
-79.68732682
-79.69052564
-79.68508028
-79.68957136
-79.68838548
-79.69014607
-79.68923001
-79.68758161
-79.68923911
-79.69028599
-79.69027448
-79.69031724
-79.69328406
-79.6952015
-79.69241542
-79.69331832
-79.69077016
-79.69482827
-79.68755041
-79.69030988
-79.69298747
-79.68782483
-79.6951037
-79.69070127
-79.69190911
-79.68785761
-79.69226518
-79.68882454
-79.68409574
-79.69265183
-79.69483965
-79.69473721
-79.68845414
-79.6915387
-79.69130635
-79.69027267
-79.68695765
-79.69145016
-79.69120633
-79.69062
-79.68463188
-79.68983207
-79.69382834
-79.68985717
-79.69335922
-79.69207175
-79.69358844
-79.69113237
-79.69092531
-79.68274044
-79.68803275
-79.69175447
-79.69098444
-79.69381418
-79.69309843
-79.68830999
-79.6826194
-79.68547877
-79.68366612
-79.69132594
-79.68757476
-79.68558119
-79.6898479
-79.69214621
-79.68937883
-79.68963189
-79.69156088
-79.68905381
-79.68632377
-79.68911157
-79.69425945
-79.6928814
-79.69372748
-79.69215793
-79.68856769
-79.68760815
-79.68545873
-79.68078689
-79.67864096
-79.68408923
-79.68578212
-79.68061708
-79.68664734
-79.68570462
-79.6930944
-79.68980627
-79.6930777
-79.68964979
-79.68445593
-79.69282835
-79.68862104
-79.69235854
-79.68649357
-79.69262543
-79.69425007
-79.68740701
-79.68812376
-79.69051501
-79.68688947
-79.68908102
-79.69051357
-79.68638008
-79.68829348
-79.69135959
-79.6882358
-79.69115159
-79.69018903
-79.69351642
-79.6927825
-79.69059993
-79.69181828
-79.69184779
-79.67969711
-79.69202669
-79.68641099
-79.6925054
-79.69072983
-79.69165394
-79.6918872
-79.69261993
-79.69037803
-79.69231535
-79.69152975
-79.6901392
-79.68494243
-79.6903843
-79.69399931
-79.69090214
-79.68596843
-79.68968119
-79.69291582
-79.68992503
-79.69081317
-79.69142925
-79.69105505
-79.69353379
-79.69073512
-79.69129447
-79.68923053
-79.68927305
-79.68411121
-79.68437852
-79.6884143
-79.69450505
-79.69360851
-79.69230047
-79.69094619
-79.69412305
-79.69361902
-79.68192423
-79.68461262
-79.68773886
-79.69365763
-79.69142576
-79.6940733
-79.69142237
-79.68607757
-79.68915211
-79.68597797
-79.68726905
-79.68506161
-79.68657387
-79.68212439
-79.69144836
-79.69137539
-79.68899299
-79.69315106
-79.69161764
-79.69152394
-79.6877601
-79.68988324
-79.69210133
-79.69370601
-79.69368554
-79.69361109
-79.69302153
-79.69337058
-79.68861957
-79.68990986
-79.69042416
-79.68621868
-79.69166453
-79.68940207
-79.68622414
-79.68636087
-79.68926908
-79.69162266
-79.69241988
-79.69134953
-79.69405002
-79.69383628
-79.6934123
-79.69471307
-79.6911146
-79.68849557
-79.68518433
-79.69134708
-79.69345602
-79.69146877
-79.69155758
-79.69040269
-79.68844474
-79.69077363
-79.68597782
-79.69310661
-79.69377714
-79.68930055
-79.69396026
-79.69150438
-79.68503473
-79.68947967
-79.69071419
-79.67979097
-79.68405546
-79.6852101
-79.69199013
-79.68873804
-79.69145944
-79.68960927
-79.69102342
-79.69086656
-79.68194232
-79.6837307
-79.68926223
-79.68351854
-79.68870219
-79.68481351
-79.68684278
-79.68390033
-79.68025073
-79.68595975
-79.69187229
-79.68905989
-79.69223405
-79.69241574
-79.69075866
-79.69334132
-79.69385974
-79.69190083
-79.68918486
-79.68363171
-79.68191108
-79.68760676
-79.69198846
-79.68487431
-79.69372781
-79.69525616
-79.6899801
-79.69544135
-79.69055131
-79.68758897
-79.68711816
-79.69022123
-79.68373143
-79.68121154
-79.69049892
-79.68556196
-79.69019755
-79.69001627
-79.68810313
-79.68909613
-79.68875519
-79.6913487
-79.69038611
-79.68985537
-79.69183733
-79.6901084
-79.68726749
-79.69350072
-79.6863025
-79.69104624
-79.68840754
-79.69316363
-79.69159193
-79.68592169
-79.69073259
-79.68296454
-79.68705821
-79.69185848
-79.68277195
-79.68227066
-79.67756257
-79.68559931
-79.68665249
-79.69111456
-79.68830455
-79.68925667
-79.68551188
-79.68375947
-79.68466551
-79.6830809
-79.69147347
-79.68972419
-79.68911078
-79.69068612
-79.68721286
-79.69217384
-79.68824244
-79.68953207
-79.68559102
-79.68308135
-79.6898635
-79.68503423
-79.68631912
-79.68911138
-79.68807173
-79.6926906
-79.68630817
-79.69235748
-79.69375983
-79.68922504
-79.69131282
-79.68720538
-79.68290648
-79.68822999
-79.69304361
-79.68656753
-79.68829774
-79.6902898
-79.6882189
-79.6914822
-79.68846583
-79.69223319
-79.69268078
-79.6837473
-79.69061123
-79.68816236
-79.68906037
-79.68826604
-79.68618367
-79.68962241
-79.68745953
-79.68468379
-79.68125076
-79.69344985
-79.69348269
-79.69411027
-79.69222875
-79.68906292
-79.69483618
-79.68829274
-79.68965448
-79.69344321
-79.68565302
-79.68727961
-79.68567484
-79.67957991
-79.68870152
-79.68729424
-79.68889512
-79.68747436
-79.69079678
-79.68633816
-79.69435007
-79.69056064
-79.69349573
-79.68313948
-79.6905728
-79.68660558
-79.69108881
-79.68958753
-79.68618553
-79.68909382
-79.68494543
-79.68616886
-79.69205647
-79.69214724
-79.68881325
-79.68695008
-79.69463098
-79.6891226
-79.68909022
-79.68912558
-79.69207788
-79.68410324
-79.68988787
-79.68577419
-79.69019696
-79.68683206
-79.6865173
-79.68914819
-79.68832059
-79.69194974
-79.69003927
-79.69017127
-79.69028992
-79.69186361
-79.68241549
-79.69347498
-79.69249377
-79.6894342
-79.69390631
-79.68968008
-79.69300752
-79.68829371
-79.69377277
-79.68543752
-79.68619014
-79.68835572
-79.6909822
-79.68791423
-79.69439126
-79.69086383
-79.6921868
-79.68449718
-79.69352271
-79.69295637
-79.69081569
-79.69327957
-79.6895089
-79.69300683
-79.69402599
-79.6928107
-79.69299468
-79.68720192
-79.69176096
-79.6862144
-79.690467
-79.69441477
-79.69451621
-79.68900337
-79.68543665
-79.6877434
-79.68890939
-79.69124179
-79.69282501
-79.68879246
-79.69204076
-79.68918341
-79.6901374
-79.68665413
-79.69289073
-79.69099455
-79.68740455
-79.68435975
-79.68998738
-79.69499071
-79.68973155
-79.68749988
-79.69031126
-79.69135122
-79.68608317
-79.69264028
-79.69024425
-79.68799585
-79.68531
-79.68958893
-79.68651712
-79.68941779
-79.69147675
-79.68656315
-79.68765262
-79.68674777
-79.69213284
-79.68872115
-79.69241957
-79.69092162
-79.68603626
-79.69319425
-79.69085262
-79.68973972
-79.68931871
-79.69194001
-79.69501888
-79.69332378
-79.68341609
-79.69091135
-79.68966612
-79.68664769
-79.6897326
-79.68854765
-79.69156435
-79.6888394
-79.68728799
-79.68818114
-79.69097229
-79.69137388
-79.69426963
-79.69332162
-79.69134826
-79.68766675
-79.69245103
-79.6930082
-79.69253507
-79.69314544
-79.69136835
-79.69010524
-79.69204027
-79.6880107
-79.68412193
-79.69149423
-79.68691724
-79.68837522
-79.6866609
-79.68742649
-79.69134817
-79.68935927
-79.68394466
-79.68394868
-79.69272578
-79.6929598
-79.6904468
-79.68679079
-79.69456009
-79.68788452
-79.69144845
-79.69056441
-79.69006663
-79.68175451
-79.68828787
-79.68902084
-79.69221669
-79.69042017
-79.69130385
-79.68891083
-79.69142593
-79.68570661
-79.68877085
-79.69270791
-79.69343882
-79.68968012
-79.68545785
-79.68997099
-79.68853644
-79.68775726
-79.68711983
-79.68973406
-79.68900448
-79.69345208
-79.69375299
-79.68511427
-79.6898969
-79.69007274
-79.68937504
-79.68823144
-79.68618522
-79.68885931
-79.6890687
-79.68438101
-79.6914382
-79.68466272
-79.68572627
-79.69051957
-79.68521578
-79.69107779
-79.69315908
-79.69279764
-79.68808893
-79.68769812
-79.68876203
-79.68563213
-79.68820583
-79.69072534
-79.68746727
-79.68538356
-79.68786649
-79.6880999
-79.68510746
-79.68827475
-79.68533847
-79.686316
-79.68533352
-79.69212846
-79.68573862
-79.68773957
-79.68656761
-79.69038802
-79.6909186
-79.69284957
-79.69009183
-79.69263224
-79.69196191
-79.68734003
-79.68620847
-79.68950669
-79.69626093
-79.69026383
-79.68688472
-79.68579986
-79.69207451
-79.69064024
-79.68876162
-79.68884274
-79.69260352
-79.69008704
-79.68894107
-79.69140172
-79.6915433
-79.69238904
-79.69190676
-79.67699851
-79.6860326
-79.68165738
-79.68259488
-79.6902442
-79.6822177
-79.68890362
-79.68845338
-79.69329298
-79.69253762
-79.68459175
-79.69105136
-79.68468972
-79.69253313
-79.68911459
-79.69084216
-79.69179297
-79.68565087
-79.68984598
-79.69041902
-79.69124809
-79.69067477
-79.6865586
-79.68597867
-79.69041661
-79.68614228
-79.68056336
-79.69157709
-79.68221256
-79.68883601
-79.68538198
-79.68773379
-79.68318366
-79.69304153
-79.68676795
-79.69264614
-79.68881169
-79.68966649
-79.69284403
-79.68814382
-79.69358425
-79.6934958
-79.68882119
-79.68029375
-79.68131264
-79.681564
-79.67892982
-79.68277523
-79.68663973
-79.68299229
-79.68856786
-79.69148496
-79.68972379
-79.68391517
-79.68940409
-79.69271204
-79.68818223
-79.69308796
-79.68663993
-79.69034531
-79.6919034
-79.68805095
-79.69016133
-79.69531081
-79.69333111
-79.69366166
-79.69447349
-79.68853617
-79.68369877
-79.68806708
-79.68770124
-79.69337229
-79.69005562
-79.69301438
-79.68774548
-79.68900571
-79.6878593
-79.69213431
-79.69297507
-79.69237332
-79.68828471
-79.69150134
-79.6874762
-79.68701663
-79.68710289
-79.68681793
-79.68783667
-79.69264042
-79.69471214
-79.6962325
-79.69701889
-79.69312067
-79.69578179
-79.69419667
-79.69426496
-79.68955231
-79.69321058
-79.6910348
-79.68808689
-79.68838066
-79.68583236
-79.68707048
-79.68876516
-79.68711238
-79.68976787
-79.69375132
-79.6914055
-79.68686378
-79.69072167
-79.68833627
-79.69025147
-79.69107603
-79.69334593
-79.69278396
-79.68964027
-79.69097629
-79.69086493
-79.69223596
-79.68783643
-79.68751618
-79.68470737
-79.68561308
-79.69023484
-79.69148124
-79.68831173
-79.68736646
-79.68429384
-79.68949728
-79.68613133
-79.68920858
-79.6922598
-79.69024924
-79.68481593
-79.68554394
-79.68706522
-79.68738874
-79.68718922
-79.68691024
-79.69086002
-79.69217385
-79.6917829
-79.68257371
-79.68594807
-79.68956013
-79.69453893
-79.69035972
-79.69391433
-79.69315772
-79.69431043
-79.69255276
-79.69347846
-79.69063639
-79.68940364
-79.69536082
-79.68783094
-79.69173061
-79.69014746
-79.68985018
-79.69034957
-79.69192309
-79.68982476
-79.69022408
-79.68688818
-79.68347403
-79.68518401
-79.69242103
-79.69089903
-79.68778334
-79.69121127
-79.68609648
-79.68512549
-79.69237432
-79.68037986
-79.69097504
-79.68939049
-79.6944041
-79.6911161
-79.69289997
-79.68517493
-79.69315537
-79.68971172
-79.69374187
-79.69091394
-79.69165119
-79.68872459
-79.69071643
-79.69092616
-79.68319995
-79.68504146
-79.68442711
-79.68364745
-79.6898601
-79.68670694
-79.68791119
-79.68638267
-79.68005555
-79.69208351
-79.68330297
-79.69181658