-78.4698747182177
-78.4637005012624
-78.4659989618585
-78.4618832283631
-78.4613094804286
-78.4682665096684
-78.4654614185615
-78.4676954235189
-78.4634684663946
-78.4645586622036
-78.4638841364763
-78.4622078165095
-78.4690848094236
-78.464760866778
-78.4688161375122
-78.4588874978162
-78.464478502748
-78.4635309013594
-78.4655677574969
-78.4686539160583
-78.464051952845
-78.4641222140496
-78.4607958606158
-78.464012689388
-78.4671880033294
-78.464460470013
-78.4685711151542
-78.461486154304
-78.4672292107514
-78.4601120341524
-78.4664825546157
-78.4672197360071
-78.4649370448764
-78.4682228025361
-78.4604480952238
-78.4625669906478
-78.4651787852971
-78.4663021391551
-78.4687409257906
-78.4611785518758
-78.4663445037824
-78.4595449342572
-78.4682659306476
-78.4654162659144
-78.4660977335277
-78.4668389216584
-78.4602152957164
-78.4669855425068
-78.4629850055296
-78.4655684813812
-78.4672159035163
-78.4650674231833
-78.4673658836325
-78.4552686736276
-78.466337095855
-78.4642413780257
-78.4672596442831
-78.4668924666099
-78.4625548847994
-78.4650476760649
-78.4582438251002
-78.467612947346
-78.4665967956839
-78.4657185819594
-78.4664481731482
-78.4622799406357
-78.465259694254
-78.4596171093368
-78.4675211021041
-78.46674418604
-78.4661907916139
-78.4666146786892
-78.458880500992
-78.4649454016511
-78.4615321971959
-78.4694825533348
-78.4669667294313
-78.4639943686504
-78.4640042642608
-78.4602301798323
-78.4677164140933
-78.4643269172608
-78.4679839572462
-78.4653194489404
-78.4621484829678
-78.4633925202679
-78.460403008313
-78.4671301821756
-78.4634223648448
-78.4691077057563
-78.4647506495084
-78.4611452190474
-78.4626184489947
-78.4623171596136
-78.467775824192
-78.4653837191859
-78.4666018170339
-78.4630658501419
-78.4583254236531
-78.4656759984806
