-78.43887485336892
-78.42967011416457
-78.43310879596851
-78.43122163375867
-78.42602856626048
-78.43670918467012
-78.43339328942197
-78.43338790169294
-78.43228337735998
-78.43128628108035
-78.42948032883007
-78.43159815399487
-78.43542803946433
-78.43143360810424
-78.43803179630025
-78.42417478797996
-78.43204344630747
-78.43204355833248
-78.43125782747498
-78.43667253227756
-78.43214946005249
-78.42929648317242
-78.42993133598104
-78.43081711669359
-78.43368744750788
-78.43323486763494
-78.4352024977822
-78.42813985113517
-78.4362242940299
-78.42545602753319
-78.43420690844702
-78.43564961235926
-78.43010764514591
-78.43673015918345
-78.42742457757615
-78.42781139750241
-78.43395355222829
-78.43295298532277
-78.43468645061121
-78.43029904492268
-78.43147086724754
-78.42588554731385
-78.4367312383325
-78.43093414047227
-78.43349608598461
-78.43522951290295
-78.4246122200971
-78.43508562162033
-78.42992596618446
-78.43102001402802
-78.43596015677878
-78.4318114899486
-78.43253550583752
-78.42466016734005
-78.43153519991539
-78.43055571168719
-78.43615647909178
-78.4324340367424
-78.42960823386154
-78.43388262235072
-78.42230275174535
-78.43569637925641
-78.43408214850761
-78.43104593703248
-78.43496386571266
-78.42914766364983
-78.42964590755277
-78.42876179926856
-78.43325006531309
-78.43294726046571
-78.4350224146388
-78.43176850484801
-78.42527398692648
-78.43382106117612
-78.42615039605074
-78.43728190628673
-78.43489702814131
-78.42875199983631
-78.4327954479415
-78.4269249793553
-78.4329735739043
-78.43342493855215
-78.4344717028661
-78.4312651074219
-78.43173738704041
-78.42817643271547
-78.42759403896724
-78.43597087264565
-78.42890362266716
-78.43693357575592
-78.43294218514123
-78.42533822846423
-78.43201224631723
-78.42896798135008
-78.43362236255714
-78.4344672911698
-78.43274564542357
-78.42876452594909
-78.4275995338345
-78.43044139112904