-158.2155583
-158.198566
-158.198324
-158.1953718
-158.2001569
-158.1933559
-158.1963307
-158.1960772
-158.192579
-158.1922711
-158.1949065
-158.1879912
-158.191624
-158.202148
-158.1930515
-158.191125
-158.1910483
-158.1965775
-158.1955428
-158.1845778
-158.2031364
-158.1985061
-158.1996623
-158.2008782
-158.1982709
-158.194527
-158.1940926
-158.2020043
-158.2006295
-158.1991706
-158.1935738
-158.1960535
-158.1996821
-158.1989473
-158.2005459
-158.1897954
-158.1949284
-158.1916227
-158.1987426
-158.1938391
-158.1944653
-158.1904498
-158.1993018
-158.1957444
-158.1948342
-158.1954242
-158.1914486
-158.1939014
-158.1948319
-158.1997029
-158.1894792
-158.204353
-158.1961798
-158.1937446
-158.2064365
-158.1941634
-158.1926601
-158.200997
-158.1994794
-158.1910761
-158.1963825
-158.2013125
-158.2004723
-158.1982083
-158.2012055
-158.1974318
-158.2052565
-158.2047062
-158.1984662
-158.2028539
-158.1976784
-158.1945006
-158.1954787
-158.1985958
-158.1927224
-158.2004333
-158.1953231
-158.2014671
-158.2016074
-158.2000067
-158.199744
-158.2041058
-158.198836
-158.2019957
-158.2055564
-158.1947988
-158.2017256
-158.1948766
-158.1951541
-158.1894475
-158.1918079
-158.198792
-158.1949269
-158.1968106
-158.1954866
-158.194547
-158.196482
-158.1883501
-158.1904575
-158.19319
-158.1880684