-158.1534662
-158.1416035
-158.1359892
-158.1357423
-158.1385622
-158.1316628
-158.1359618
-158.1341836
-158.1319086
-158.1347143
-158.1296943
-158.129476
-158.1316654
-158.1389754
-158.1368718
-158.1274106
-158.1273836
-158.1390452
-158.1301657
-158.1238245
-158.142883
-158.1401356
-158.1372524
-158.1375378
-158.1349816
-158.1351154
-158.132604
-158.141881
-158.1356257
-158.1408883
-158.1311106
-158.1374072
-158.1393178
-158.1373323
-158.1377489
-158.128552
-158.1350232
-158.1295916
-158.1380368
-158.1311409
-158.13329
-158.1292721
-158.1390771
-158.1353565
-158.1330617
-158.1355113
-158.1310009
-158.1341695
-158.1326781
-158.1391445
-158.1260918
-158.1404972
-158.1356786
-158.1338937
-158.1435706
-158.1326013
-158.1338546
-158.1399798
-158.1369184
-158.1298585
-158.1356428
-158.1413345
-158.1385128
-158.1382262
-158.1369446
-158.1384371
-158.1423749
-158.1438519
-158.1371729
-158.1407074
-158.1371944
-158.1343906
-158.1342623
-158.1373229
-158.1317303
-158.1402826
-158.1318771
-158.1419938
-158.1421618
-158.1384283
-158.142642
-158.1422473
-158.1387521
-158.1413977
-158.1430199
-158.1359067
-158.1390524
-158.136495
-158.1301118
-158.1333142
-158.1284317
-158.1402992
-158.1361095
-158.1351886
-158.1347611
-158.134249
-158.1339653
-158.1257639
-158.1307463
-158.132801
-158.125266