-2.662820956533496428e+02
-2.662716679211238215e+02
-2.662769234904807831e+02
-2.662675711317346554e+02
-2.662790007632744391e+02
-2.662695045231154154e+02
-2.662789897057582493e+02
-2.662864299588844119e+02
-2.662822262599382839e+02
-2.662750929662636281e+02
-2.662670617389975405e+02
-2.662815897484395578e+02
-2.662852943353853448e+02
-2.662808733111049833e+02
-2.662804224591995421e+02
-2.662912699022245420e+02
-2.662693114891164896e+02
-2.662778091844734831e+02
-2.662878947801509071e+02
-2.662767473148448403e+02
-2.662778901728126471e+02
-2.662749405991201002e+02
-2.662882306846840379e+02
-2.662813000347423440e+02
-2.662896166254259356e+02
-2.662792729404226861e+02
-2.662761066161033341e+02
-2.662820582576928246e+02
-2.662869539038543962e+02
-2.662860622990381785e+02
-2.662834593556465279e+02
-2.662856215813659446e+02
-2.662801634443727039e+02
-2.662869019820736867e+02
-2.662889945843404575e+02
-2.662707197899374023e+02
-2.662777435821061545e+02
-2.662764455670022699e+02
-2.662824031543534034e+02
-2.662835723903573353e+02
-2.662853681966173554e+02
-2.662766879867613738e+02
-2.662798509101373270e+02
-2.662666545615783207e+02
-2.662892937234701094e+02
-2.662827700396434807e+02
-2.662903731049794942e+02
-2.662720135115494600e+02
-2.662693716478871693e+02
-2.662689990653597079e+02
-2.662855515924181304e+02
-2.662851543891036386e+02
-2.662767411875584571e+02
-2.662851266614193833e+02
-2.662775958787988770e+02
-2.662900196648274687e+02
-2.662842089379454364e+02
-2.662784080636711792e+02
-2.662823245543817166e+02
-2.662545824297697550e+02
-2.662748644015841819e+02
-2.662856301802823964e+02
-2.662780613714289188e+02
-2.662733975259235422e+02
-2.662896051353890812e+02
-2.662734656930770143e+02
-2.662738660463648444e+02
-2.662784637861022929e+02
-2.662791362499943375e+02
-2.662796246767602497e+02
-2.662815664805748952e+02
-2.662854820481756519e+02
-2.662730637059426044e+02
-2.662855312577374320e+02
-2.662870175515894857e+02
-2.662865060106382771e+02
-2.662727077701223948e+02
-2.662782206697385732e+02
-2.662646590549966277e+02
-2.662752413659896433e+02
-2.662794876952028176e+02
-2.662827109265517720e+02
-2.662722471799505684e+02
-2.662814945273580065e+02
-2.662733163400873195e+02
-2.662817979190501774e+02
-2.662722452586094164e+02
-2.662763651737978421e+02
-2.662843112142825248e+02
-2.662820746937894683e+02
-2.662824727341470066e+02
-2.662775447059216276e+02
-2.662762161646068080e+02
-2.662882505899115131e+02
-2.662663296800494095e+02
-2.662602270579330366e+02
-2.662814281309507578e+02
-2.662802664031968902e+02
-2.662775271663682020e+02
-2.662868470350117605e+02
-2.662830810630823066e+02
-2.662847178082292317e+02
-2.662842956331236905e+02
-2.662784650672356292e+02
-2.662874479709242905e+02
-2.662768257076579062e+02
-2.662863862741338608e+02
-2.662913045832062267e+02
-2.662670619906366483e+02
-2.662857183188903036e+02
-2.662835099307793598e+02
-2.662803540224824133e+02
-2.662898031619724293e+02
-2.662832049073959979e+02
-2.662911206717081996e+02
-2.662731381978585432e+02
-2.662828482152532956e+02
-2.662761537381627477e+02
-2.662758657244322080e+02
-2.662708204973473016e+02
-2.662775472900198679e+02
-2.662855370270276580e+02
-2.662808971993754312e+02
-2.662730386634684123e+02
-2.662915176231732062e+02
-2.662773733815662922e+02
-2.662765406282780418e+02
-2.662808224722633668e+02
-2.662695228933333169e+02
-2.662817109008371403e+02
-2.662908189525289799e+02
-2.662785239163952156e+02
-2.662853747537398021e+02
-2.662746662192561189e+02
-2.662806424512330068e+02
-2.662887111995004830e+02
-2.662840957897837484e+02
-2.662806152515863687e+02
-2.662791598295603990e+02
-2.662837145919911563e+02
-2.662808476096441268e+02
-2.662764863001697790e+02
-2.662811663335422736e+02
-2.662728875049386374e+02
-2.662692291763421508e+02
-2.662703851645283066e+02
-2.662724642030293580e+02
-2.662806653727714092e+02
-2.662670095343527237e+02
-2.662859878865269252e+02
-2.662704794519393090e+02
-2.662834092020241883e+02
-2.662875177541856146e+02
-2.662872448095186542e+02
-2.662820647286926032e+02
-2.662840659138048522e+02
-2.662804215778032813e+02
-2.662890919529729103e+02
-2.662746902518009620e+02
-2.662788437803226316e+02
-2.662856629722764978e+02
-2.662754666517038800e+02
-2.662878131282481604e+02
-2.662862481537135295e+02
-2.662757526937857051e+02
-2.662771647069101277e+02
-2.662766550793959368e+02
-2.662837050774790555e+02
-2.662782510756373995e+02
-2.662818073521854672e+02
-2.662832095275296638e+02
-2.662696243418346853e+02
-2.662729095530755217e+02
-2.662844934859746218e+02
-2.662782103224956813e+02
-2.662800813101617337e+02
-2.662601290157658127e+02
-2.662848279403216338e+02
-2.662861017036249791e+02
-2.662796063812124316e+02
-2.662729796700900806e+02
-2.662864782292411405e+02
-2.662837855376067751e+02
-2.662855364895314096e+02
-2.662836463209268913e+02
-2.662894438728669115e+02
-2.662838665353054921e+02
-2.662811028417330022e+02
-2.662894542360781429e+02
-2.662812496156192310e+02
-2.662627593571459670e+02
-2.662918733240542224e+02
-2.662841411022747025e+02
-2.662743525103846878e+02
-2.662827790948361439e+02
-2.662757684792894111e+02
-2.662889598232996491e+02
-2.662769665543441420e+02
-2.662790672735884527e+02
-2.662719299181018187e+02
-2.662797039431342796e+02
-2.662784816490161006e+02
-2.662818466887676436e+02
-2.662730373506279875e+02
-2.662909821768749339e+02
-2.662803233253407029e+02
-2.662876893871576272e+02
-2.662918368294355105e+02
-2.662640414065333516e+02
-2.662755540203488067e+02
-2.662875977032264245e+02
-2.662859108384448632e+02
-2.662796094624068246e+02
-2.662853934681250507e+02
-2.662861310504231369e+02
-2.662861763377942452e+02
-2.662844676343133301e+02
-2.662844865671004300e+02
-2.662812238063674499e+02
-2.662779281134378380e+02
-2.662871207235443194e+02
-2.662826925982423063e+02
-2.662673756334074255e+02
-2.662724365325674967e+02
-2.662823189207525161e+02
-2.662941190334940416e+02
-2.662727183544420200e+02
-2.662797048180677848e+02
-2.662839937936319075e+02
-2.662745907323832739e+02
-2.662822309978585622e+02
-2.662905219831100112e+02
-2.662839695336745081e+02
-2.662815776030318489e+02
-2.662758283381995170e+02
-2.662688673386017513e+02
-2.662884273671667188e+02
-2.662789751294961320e+02
-2.662706200217020864e+02
-2.662623553886448917e+02
-2.662815231664454814e+02
-2.662845954936719863e+02
-2.662804779473522672e+02
-2.662795049643208358e+02
-2.662824662053113798e+02
-2.662773975734448300e+02
-2.662884614860409442e+02
-2.662658580882880983e+02
-2.662689491525582639e+02
-2.662887909508881989e+02
-2.662848739506291622e+02
-2.662857804744854207e+02
-2.662834582369691248e+02
-2.662847199217454204e+02
-2.662848682691001159e+02
-2.662825088624131240e+02
-2.662767348994922258e+02
-2.662874468170241471e+02
-2.662875319888711374e+02
-2.662892434478316090e+02
-2.662828860012692758e+02
-2.662766926440408497e+02
-2.662788998651106454e+02
-2.662790142329261585e+02
-2.662860928074127287e+02
-2.662783211172160804e+02
-2.662801045538646463e+02
-2.662859048503805184e+02
-2.662907158668164698e+02
-2.662850331794384715e+02
-2.662784894127296411e+02
-2.662734489014178507e+02
-2.662803010162752457e+02
-2.662839873324666655e+02
-2.662963480314343769e+02
-2.662837903921592897e+02
-2.662730663780189388e+02
-2.662828535461752608e+02
-2.662885378551272311e+02
-2.662781854335346452e+02
-2.662868794312432783e+02
-2.662820030729323548e+02
-2.662842470185422030e+02
-2.662863866072244150e+02
-2.662787766872635871e+02
-2.662841268518871516e+02
-2.662773441539321198e+02
-2.662781399744854411e+02
-2.662672309926148273e+02
-2.662848381461455460e+02
-2.662773902209883659e+02
-2.662706999511057688e+02
-2.662778781096392891e+02
-2.662863395669867259e+02
-2.662776520920858161e+02
-2.662908163821765015e+02
-2.662821596539909592e+02
-2.662882460571254342e+02
-2.662822521913980722e+02
-2.662638297264041967e+02
-2.662668300101709065e+02
-2.662738707538893550e+02
-2.662842651923417066e+02
-2.662790225554898598e+02
-2.662924716953694997e+02
-2.662803209476028314e+02
-2.662871367008964398e+02
-2.662817821104687255e+02
-2.662874013659679804e+02
-2.662875133709927127e+02
-2.662830383500141807e+02
-2.662852289625776621e+02
-2.662802351204167053e+02
-2.662910973924244900e+02
-2.662873935567412218e+02
-2.662732747899591459e+02
-2.662887901599106613e+02
-2.662701115656439015e+02
-2.662816051330796654e+02
-2.662819524134554854e+02
-2.662839418796615973e+02
-2.662846591436194785e+02
-2.662800760328980232e+02
-2.662833770305612688e+02
-2.662804282762982666e+02
-2.662761165615441996e+02
-2.662870917520674539e+02
-2.662833394965246612e+02
-2.662747173234894831e+02
-2.662937290678311228e+02
-2.662697716882276495e+02
-2.662770560828801081e+02
-2.662747385519547834e+02
-2.662852402205812723e+02
-2.662655788121292630e+02
-2.662932583245340084e+02
-2.662703290005154599e+02
-2.662803351495359721e+02
-2.662867212817648692e+02
-2.662760323117689154e+02
-2.662829469596042600e+02
-2.662849197988222727e+02
-2.662610067471388788e+02
-2.662790866704988275e+02
-2.662787997010073582e+02
-2.662750396763680669e+02
-2.662876625849558536e+02
-2.662630855176999489e+02
-2.662734602897273248e+02
-2.662713742524376244e+02
-2.662805569274125901e+02
-2.662674318444248343e+02
-2.662840687991098321e+02
-2.662713077655650977e+02
-2.662819586618284120e+02
-2.662821133093322032e+02
-2.662862802002763942e+02
-2.662798282778252315e+02
-2.662650604880705032e+02
-2.662773249295897813e+02
-2.662900985111378986e+02
-2.662713028183587198e+02
-2.662732177065090013e+02
-2.662738729273825129e+02
-2.662793456621518544e+02
-2.662873258974145756e+02
-2.662782891932366738e+02
-2.662852004891373667e+02
-2.662624192256388369e+02
-2.662841655856385614e+02
-2.662862040417379603e+02
-2.662794396591489203e+02
-2.662786234389809010e+02
-2.662874853186235100e+02
-2.662793044622242746e+02
-2.662788805189468349e+02
-2.662840281640299622e+02
-2.662880454336503817e+02
-2.662685819785922376e+02
-2.662821855496019339e+02
-2.662757546761674234e+02
-2.662804504461882402e+02
-2.662854455538382012e+02
-2.662753008176138678e+02
-2.662791830868312104e+02
-2.662749670865275107e+02
-2.662808056003609067e+02
-2.662771874363402276e+02
-2.662799513709144890e+02
-2.662704950848802241e+02
-2.662776882921305628e+02
-2.662740525574004664e+02
-2.662560743310515363e+02
-2.662800006769023184e+02
-2.662826709715479865e+02
-2.662832716739203534e+02
-2.662757134494127627e+02
-2.662823338378912581e+02
-2.662697654374596823e+02
-2.662845364824809735e+02
-2.662824180544903925e+02
-2.662809088114942142e+02
-2.662859437247624328e+02
-2.662854425296381464e+02
-2.662798625810241333e+02
-2.662784772779681930e+02
-2.662822871189370062e+02
-2.662824824339172665e+02
-2.662825705784700858e+02
-2.662793196563565630e+02
-2.662756849778475043e+02
-2.662816891771084329e+02
-2.662809865282398505e+02
-2.662687845607819099e+02
-2.662867642171503348e+02
-2.662881629363270690e+02
-2.662786509790032596e+02
-2.662852683329423940e+02
-2.662719327963682190e+02
-2.662794726503398692e+02
-2.662851575648907101e+02
-2.662890986463783065e+02
-2.662853538192953806e+02
-2.662906984698507245e+02
-2.662749605480069590e+02
-2.662790524507943246e+02
-2.662834137808195578e+02
-2.662836083939192804e+02
-2.662871113860365995e+02
-2.662846014161782477e+02
-2.662733421236050049e+02
-2.662770648211362641e+02
-2.662771738809278190e+02
-2.662931369295905597e+02
-2.662865709284312743e+02
-2.662670274715928826e+02
-2.662771268983217396e+02
-2.662813465186021062e+02
-2.662905190988838058e+02
-2.662845698160303414e+02
-2.662744201835946001e+02
-2.662765050970641596e+02
-2.662763439230339486e+02
-2.662827208531066390e+02
-2.662723430032027068e+02
-2.662824648762988318e+02
-2.662852495542335305e+02
-2.662783439434477941e+02
-2.662803916411361342e+02
-2.662840861264907062e+02
-2.662792163102633936e+02
-2.662730660733013792e+02
-2.662801585726095368e+02
-2.662764290419424356e+02
-2.662854326728044043e+02
-2.662815061340650686e+02
-2.662723371702883810e+02
-2.662721847175819789e+02
-2.662759048979571617e+02
-2.662861943275494241e+02
-2.662856565066367125e+02
-2.662798359631401013e+02
-2.662720260574943723e+02
-2.662770349116620423e+02
-2.662797561469871539e+02
-2.662784433495114058e+02
-2.662778686301368793e+02
-2.662800130324145016e+02
-2.662853466141344256e+02
-2.662728252215966336e+02
-2.662751773051261353e+02
-2.662718325097451384e+02
-2.662754422227328064e+02
-2.662800137022081799e+02
-2.662776920259148596e+02
-2.662850554563908076e+02
-2.662881862705329468e+02
-2.662786262066301788e+02
-2.662838824837177754e+02
-2.662846058097302375e+02
-2.662757108525934200e+02
-2.662822693388499715e+02
-2.662752264955285568e+02
-2.662874723657128584e+02
-2.662757214993262096e+02
-2.662763382303256776e+02
-2.662836567336929079e+02
-2.662701581954104881e+02
-2.662734318695385127e+02
-2.662778187488090680e+02
-2.662819576214218955e+02
-2.662760763681885123e+02
-2.662742462093893892e+02
-2.662895296546433315e+02
-2.662756939549508388e+02
-2.662767846548885586e+02
-2.662679040530767338e+02
-2.662832928463043345e+02
-2.662601555304267436e+02
-2.662740184476481318e+02
-2.662811698832670118e+02
-2.662838368209054920e+02
-2.662857938477347375e+02
-2.662890680268674259e+02
-2.662869430580924472e+02
-2.662856158270034257e+02
-2.662791471980987126e+02
-2.662796652411319087e+02
-2.662767526837922105e+02
-2.662845743157965330e+02
-2.662811816383767791e+02
-2.662714283809066842e+02
-2.662812083640638434e+02
-2.662854390831015508e+02
-2.662889145499951269e+02
-2.662716808008311773e+02
-2.662675328539232851e+02
-2.662724497823713250e+02
-2.662605790764322933e+02
-2.662817274840616051e+02
-2.662776731492584759e+02
-2.662727843550139255e+02
-2.662884368400139579e+02
-2.662893328648033844e+02
-2.662907725105966961e+02
-2.662787251364833878e+02
-2.662822583724453125e+02
-2.662820558690545454e+02
-2.662871812837030916e+02
-2.662824122933860735e+02
-2.662791107299552777e+02
-2.662702494813013345e+02
-2.662833490199037669e+02
-2.662774147151219495e+02
-2.662739112309985217e+02
-2.662840824566204674e+02
-2.662919831367200914e+02
-2.662700880482158254e+02
-2.662748013270638694e+02
-2.662804150703692585e+02
-2.662785293065442715e+02
-2.662792745753376380e+02
-2.662775753084150665e+02
-2.662911404570598961e+02
-2.662771667458166007e+02
-2.662720255248708554e+02
-2.662660390668698369e+02
-2.662714965606320447e+02
-2.662910517281271723e+02
-2.662817797866493947e+02
-2.662773252374654476e+02
-2.662788986895471339e+02
-2.662710150517916077e+02
-2.662753916473085383e+02
-2.662876667547075158e+02
-2.662773620554228273e+02
-2.662762318178920395e+02
-2.662869783142353981e+02
-2.662934211248415295e+02
-2.662887615949544511e+02
-2.662858843346908202e+02
-2.662777187114942308e+02
-2.662852947616464689e+02
-2.662866611216405772e+02
-2.662914635025884422e+02
-2.662834545754481042e+02
-2.662859409479867736e+02
-2.662725937556395479e+02
-2.662815003565297616e+02
-2.662888422497509282e+02
-2.662896616852798957e+02
-2.662802275946100394e+02
-2.662781009423603109e+02
-2.662655254346494189e+02
-2.662767465844374328e+02
-2.662720841810411230e+02
-2.662849263631712233e+02
-2.662834387358670938e+02
-2.662849189236597454e+02
-2.662906548763928640e+02
-2.662749942388543900e+02
-2.662798346171967410e+02
-2.662734702066496766e+02
-2.662867755007140431e+02
-2.662859487268146381e+02
-2.662892697732846159e+02
-2.662680725973185645e+02
-2.662848015787620284e+02
-2.662778403877770188e+02
-2.662777790076945621e+02
-2.662866680015572456e+02
-2.662830676117803250e+02
-2.662814151436066936e+02
-2.662815015393063618e+02
-2.662794136524352098e+02
-2.662814251386407705e+02
-2.662852406275420662e+02
-2.662693426321627612e+02
-2.662748493661975999e+02
-2.662798570337375850e+02
-2.662880042270599006e+02
-2.662817441659376527e+02
-2.662851910398379687e+02
-2.662597594089619406e+02
-2.662885581278811173e+02
-2.662791969862761334e+02
-2.662878285724714829e+02
-2.662887464316871728e+02
-2.662851878733608828e+02
-2.662703764052355382e+02
-2.662906163666035582e+02
-2.662652313231389485e+02
-2.662826269385364526e+02
-2.662880897601594938e+02
-2.662764861982246316e+02
-2.662788430667849298e+02
-2.662699688911118301e+02
-2.662754928350883006e+02
-2.662868580846020450e+02
-2.662739056359108076e+02
-2.662911815932037598e+02
-2.662899928944364092e+02
-2.662699986298270574e+02
-2.662822435042532447e+02
-2.662847212445828404e+02
-2.662817692096255655e+02
-2.662791646870621207e+02
-2.662841516066367262e+02
-2.662733145112715079e+02
-2.662875966791095266e+02
-2.662791645246589951e+02
-2.662829483175090104e+02
-2.662821594666074247e+02
-2.662842559421576425e+02
-2.662862864546330570e+02
-2.662765591893355577e+02
-2.662826037616207486e+02
-2.662882513747401276e+02
-2.662710012174200074e+02
-2.662876176029819817e+02
-2.662727559164648028e+02
-2.662826283061721711e+02
-2.662926355159065679e+02
-2.662835218810839137e+02
-2.662891379841212256e+02
-2.662813345474455105e+02
-2.662805913422602657e+02
-2.662835900714700870e+02
-2.662827900344692011e+02
-2.662700192209491092e+02
-2.662844406343079413e+02
-2.662671460753707038e+02
-2.662819948094287383e+02
-2.662696152781297201e+02
-2.662773019935260663e+02
-2.662712838576748595e+02
-2.662798695519488774e+02
-2.662733545680042084e+02
-2.662871484021861761e+02
-2.662856323678590229e+02
-2.662639761065067319e+02
-2.662632484474787589e+02
-2.662764410359729936e+02
-2.662818839039329646e+02
-2.662791670228845078e+02
-2.662742672869125613e+02
-2.662790952502773507e+02
-2.662881824834462918e+02
-2.662718788049741079e+02
-2.662884404442220898e+02
-2.662754066142962870e+02
-2.662750103256441889e+02
-2.662621268838040010e+02
-2.662764452766086833e+02
-2.662840840266715645e+02
-2.662843555149232202e+02
-2.662864582661327404e+02
-2.662755926442646910e+02
-2.662891637688239257e+02
-2.662835144721735787e+02
-2.662784359112223456e+02
-2.662877809963937921e+02
-2.662587268768659214e+02
-2.662782198536562532e+02
-2.662824885708296279e+02
-2.662843384174961443e+02
-2.662922263847819977e+02
-2.662871201601594748e+02
-2.662699804298885056e+02
-2.662798866891261014e+02
-2.662885939774109261e+02
-2.662858607565366924e+02
-2.662854371813762668e+02
-2.662842722532452058e+02
-2.662781413911763480e+02
-2.662803718512881233e+02
-2.662824765961169646e+02
-2.662780127060867699e+02
-2.662760121564300562e+02
-2.662822212762446270e+02
-2.662730829474741654e+02
-2.662725757244658666e+02
-2.662802754089588575e+02
-2.662764794591215036e+02
-2.662898806418326103e+02
-2.662757283849152827e+02
-2.662842055445473761e+02
-2.662875314459741958e+02
-2.662804327629837076e+02
-2.662779069021807459e+02
-2.662864681639373430e+02
-2.662725899488980303e+02
-2.662645795397331199e+02
-2.662733560012545695e+02
-2.662848242730109973e+02
-2.662814750524537430e+02
-2.662779942507563646e+02
-2.662781741598344638e+02
-2.662795280320243023e+02
-2.662749180266428084e+02
-2.662780106091449852e+02
-2.662845803229131434e+02
-2.662765005209883498e+02
-2.662757149030058486e+02
-2.662829738670121174e+02
-2.662838812923467913e+02
-2.662845961588400314e+02
-2.662766624830681508e+02
-2.662734544867629438e+02
-2.662951672439020285e+02
-2.662861150513564894e+02
-2.662786964345924048e+02
-2.662667066726163512e+02
-2.662843758677569213e+02
-2.662580576782568187e+02
-2.662817101899300383e+02
-2.662843890292283504e+02
-2.662827055219374301e+02
-2.662793536157420817e+02
-2.662822885071105929e+02
-2.662820027426217280e+02
-2.662843908324522317e+02
-2.662763908474891537e+02
-2.662854984855878229e+02
-2.662808001699567058e+02
-2.662714409214178204e+02
-2.662830950816535847e+02
-2.662846142701887970e+02
-2.662784578286927513e+02
-2.662634044936659734e+02
-2.662837845375146912e+02
-2.662815002751343627e+02
-2.662891201444111857e+02
-2.662687767257510245e+02
-2.662815349922469181e+02
-2.662833733904441829e+02
-2.662841382266524306e+02
-2.662830570260493346e+02
-2.662872234850131008e+02
-2.662772413216594032e+02
-2.662832211127490041e+02
-2.662863201166325098e+02
-2.662810075514277628e+02
-2.662830749474300660e+02
-2.662849027237716655e+02
-2.662846205701223425e+02
-2.662674680475284958e+02
-2.662869397817400454e+02
-2.662731368489476154e+02
-2.662802327815985564e+02
-2.662915486300191219e+02
-2.662867736593331074e+02
-2.662920205825061544e+02
-2.662790428822767694e+02
-2.662879914247500324e+02
-2.662787267910280207e+02
-2.662818776238185023e+02
-2.662885697628856292e+02
-2.662697076428367495e+02
-2.662838375894021397e+02
-2.662650933914526945e+02
-2.662803083188489381e+02
-2.662882208611998180e+02
-2.662894799196914164e+02
-2.662627461481650357e+02
-2.662805095213120694e+02
-2.662467664209618761e+02
-2.662755277735023469e+02
-2.662766254251308169e+02
-2.662705702054684025e+02
-2.662775397996098263e+02
-2.662798546079909556e+02
-2.662825712721671607e+02
-2.662872500047600965e+02
-2.662764728557751255e+02
-2.662758276629318175e+02
-2.662696092255071108e+02
-2.662838621573238811e+02
-2.662829646580576650e+02
-2.662870431847952091e+02
-2.662908152933359816e+02
-2.662815522994570188e+02
-2.662764039768763951e+02
-2.662829634517299837e+02
-2.662902954149056995e+02
-2.662884830519514594e+02
-2.662922472006673615e+02
-2.662790105379107217e+02
-2.662745384135284894e+02
-2.662802955672919438e+02
-2.662904619640073065e+02
-2.662777147739471957e+02
-2.662906162596571562e+02
-2.662861082966456365e+02
-2.662793796498371535e+02
-2.662692888899324544e+02
-2.662791620492894822e+02
-2.662816634956408279e+02
-2.662718030659641499e+02
-2.662829574329541629e+02
-2.662800827709122018e+02
-2.662817081714385949e+02
-2.662796808445696684e+02
-2.662823879486737155e+02
-2.662880453993212768e+02
-2.662779831998906275e+02
-2.662789932842924827e+02
-2.662886793415142961e+02
-2.662811301120101461e+02
-2.662903315326134361e+02
-2.662843648544403550e+02
-2.662864751314684213e+02
-2.662855220761522332e+02
-2.662935786046993485e+02
-2.662859866081869313e+02
-2.662695752263250597e+02
-2.662864555568822880e+02
-2.662658421155279029e+02
-2.662810631597332645e+02
-2.662834716055921831e+02
-2.662813585900667022e+02
-2.662859773029598500e+02
-2.662833991385069794e+02
-2.662839728564644588e+02
-2.662784503054670608e+02
-2.662756119573720071e+02
-2.662843785045636764e+02
-2.662800238475739434e+02
-2.662855749045806419e+02
-2.662866920220963038e+02
-2.662851877147984396e+02
-2.662860650780023093e+02
-2.662845525580959247e+02
-2.662758556529173006e+02
-2.662712075665498901e+02
-2.662902634182048587e+02
-2.662692549002153442e+02
-2.662808995233596647e+02
-2.662801748687458598e+02
-2.662837969758529084e+02
-2.662750091840659934e+02
-2.662823323314997879e+02
-2.662821202070711024e+02
-2.662720458053285029e+02
-2.662848048346167502e+02
-2.662751220338949452e+02
-2.662742412534676646e+02
-2.662704565064159397e+02
-2.662670084910485571e+02
-2.662852466808782879e+02
-2.662772467128145308e+02
-2.662681041457312290e+02
-2.662834762756337454e+02
-2.662820125243570715e+02
-2.662875829007630273e+02
-2.662886089374342760e+02
-2.662756821250566759e+02
-2.662730009232868156e+02
-2.662792287922895866e+02
-2.662843701693806224e+02
-2.662783718862795013e+02
-2.662851325680028935e+02
-2.662821777404953423e+02
-2.662783626494349960e+02
-2.662826753311271659e+02
-2.662917415294798502e+02
-2.662852082480192166e+02
-2.662915816251716024e+02
-2.662770861996519898e+02
-2.662805568886165588e+02
-2.662772051720172612e+02
-2.662761584296682713e+02
-2.662884438478582751e+02
-2.662779080955625659e+02
-2.662683036571502271e+02
-2.662839372168827481e+02
-2.662764736088049631e+02
-2.662832514101633024e+02
-2.662743630265609340e+02
-2.662851807297365099e+02
-2.662800588611986541e+02
-2.662870608571113848e+02
-2.662770165773734448e+02
-2.662849236358953249e+02
-2.662745382925916147e+02
-2.662887873815818693e+02
-2.662807575631039754e+02
-2.662739311420846775e+02
-2.662752107956964096e+02
-2.662602864209488303e+02
-2.662848244853835240e+02
-2.662743415877015423e+02
-2.662824607646716117e+02
-2.662652409901303940e+02
-2.662822209101780118e+02
-2.662899876259188545e+02
-2.662793523109716034e+02
-2.662794755021573110e+02
-2.662770646176855962e+02
-2.662787780511017672e+02
-2.662719317843303770e+02
-2.662687378007216807e+02
-2.662761673246926648e+02
-2.662823034913178617e+02
-2.662764022132762989e+02
-2.662896080094679974e+02
-2.662814644182568031e+02
-2.662902818820593893e+02
-2.662911484583095785e+02
-2.662785317185764029e+02
-2.662805227121679650e+02
-2.662685120143202653e+02
-2.662916283600100655e+02
-2.662854559988397227e+02
-2.662693861926809404e+02
-2.662753349407533960e+02
-2.662843237514783823e+02
-2.662882307879791597e+02
-2.662793202128629559e+02
-2.662849415988217743e+02
-2.662811083014102564e+02
-2.662887254824547085e+02
-2.662866694982445779e+02
-2.662830305685388907e+02
-2.662772044264468718e+02
-2.662618598469525750e+02
-2.662860512955504078e+02
-2.662792690352204090e+02
-2.662799456525039545e+02
-2.662708579277115177e+02
-2.662747442259980630e+02
-2.662867967616279543e+02
-2.662797119827032475e+02
-2.662907360210896286e+02
-2.662846816810817359e+02
-2.662805240050265638e+02
-2.662790211518213255e+02
-2.662868543409420568e+02
-2.662815405047267632e+02
-2.662813123384028700e+02
-2.662848412119474233e+02
-2.662854838218528357e+02
-2.662857906443146021e+02
-2.662867041377768942e+02
-2.662837093116065148e+02
-2.662807001794758435e+02
-2.662720464164973464e+02
-2.662835833825978398e+02
-2.662810823604692700e+02
-2.662862679378089865e+02
-2.662791170552192170e+02
-2.662847042890757052e+02
-2.662841831984859482e+02
-2.662824866591308250e+02
-2.662857696580627476e+02
-2.662707146950274364e+02
-2.662851255501657874e+02
-2.662635489088472127e+02
-2.662891094842469215e+02
-2.662794196025070619e+02
-2.662790547333253244e+02
-2.662786021655448963e+02
-2.662744024483221210e+02
-2.662845228404210616e+02
-2.662774166254088186e+02
-2.662780532029478309e+02
-2.662760389083896371e+02
-2.662853608856696610e+02
-2.662745805304800797e+02
-2.662844421254424674e+02
-2.662643094710171567e+02
-2.662907545939347074e+02
-2.662761958210078319e+02
-2.662885121183713864e+02
-2.662748903159796896e+02
-2.662877087215025540e+02
-2.662703352412245295e+02
-2.662732194843259208e+02
-2.662839958132839229e+02
-2.662771373020082706e+02
