-266.833378658014
-266.823533579595
-266.830672812868
-266.820748572839
-266.831094568143
-266.822052558445
-266.828364002939
-266.837609897912
-266.833429535913
-266.827704393899
-266.821359629727
-266.834959129274
-266.835202959192
-266.829713844221
-266.833514389739
-266.84046673517
-266.819379493443
-266.830252808002
-266.839192129061
-266.827619521697
-266.830934053769
-266.82776128962
-266.838293694989
-266.832879760096
-266.839683032443
-266.830615283935
-266.82727509967
-266.833148376114
-266.836518227645
-266.835823071678
-266.833917399269
-266.835909046324
-266.828763165815
-266.83771792277
-266.841146450209
-266.821225677608
-266.828478930187
-266.827937772556
-266.833481985471
-266.835319904827
-266.835995720079
-266.827891279907
-266.832091526874
-266.818061019887
-266.838979733285
-266.837115237781
-266.839879093557
-266.825209742281
-266.820023365504
-266.821389628779
-266.836528468936
-266.836248182937
-266.828447903361
-266.835568223622
-266.825751844478
-266.839642895972
-266.835272321388
-266.831192890586
-266.831433519633
-266.807788360468
-266.827356336183
-266.836002737723
-266.831656506127
-266.827186642127
-266.839014514859
-266.824534082358
-266.825096866959
-266.82914969431
-266.829559406203
-266.830371255486
-266.832583004428
-266.835170544802
-266.825386963711
-266.834193615585
-266.836922700153
-266.837726009042
-266.826169246869
-266.828720193164
-266.816641343259
-266.828899557102
-266.830183506258
-266.834891217034
-266.824289646254
-266.8333510427
-266.825443292316
-266.832792313573
-266.821652240382
-266.829127669968
-266.834941064235
-266.831308559909
-266.835045777057
-266.830037317805
-266.827193033902
-266.835997951335
-266.819360172161
-266.813891253872
-266.833246067509
-266.830269740949
-266.830627921283
-266.837848428589
-266.835261483837
-266.833518671176
-266.835482213776
-266.830346242184
-266.837456328674
-266.826590707347
-266.837129551659
-266.841658938025
-266.81940327063
-266.833698529643
-266.833803954531
-266.831621381355
-266.841312175397
-266.836222057479
-266.843215367747
-266.823470510953
-266.834038172266
-266.826131313916
-266.826715427591
-266.822958492425
-266.828379929046
-266.83719528034
-266.831429796191
-266.824080617402
-266.841389293606
-266.829413003112
-266.829136459322
-266.830815119053
-266.823031733826
-266.832259027131
-266.840718538108
-266.827598802338
-266.837693669977
-266.826960736608
-266.829838493143
-266.839833121755
-266.835995233591
-266.831972638411
-266.828701196244
-266.834535437586
-266.831559636754
-266.827705370124
-266.831634361163
-266.825123130755
-266.821805040543
-266.820287406218
-266.824611859273
-266.833422105771
-266.817298618533
-266.837381573452
-266.823407901756
-266.83507068172
-266.837204378361
-266.83843134028
-266.833435954559
-266.834039781751
-266.830391762099
-266.839068851935
-266.823446023608
-266.830320521451
-266.836828832575
-266.828701572638
-266.839402320102
-266.838796871391
-266.827215034835
-266.829874321104
-266.826813715174
-266.8346783432
-266.832039413325
-266.833739460484
-266.83283238163
-266.820832761075
-266.82407696871
-266.83319962847
-266.826209177921
-266.832005095703
-266.811192139994
-266.835806161613
-266.837603602335
-266.831614615518
-266.825279361229
-266.838081732241
-266.834299136274
-266.836563048309
-266.834480154956
-266.840755061619
-266.835026450598
-266.833130536054
-266.840568832933
-266.831965803552
-266.817177985775
-266.843527340966
-266.833361192574
-266.825397948001
-266.83318832419
-266.829898283149
-266.838065024709
-266.826878176129
-266.829820094437
-266.823282532286
-266.830670645699
-266.827300872532
-266.83421029774
-266.82394442067
-266.839694098412
-266.828992747404
-266.838466053123
-266.842322332056
-266.818408048731
-266.822852296906
-266.838406110296
-266.835178621561
-266.828976535699
-266.834516203735
-266.837516608452
-266.83723096955
-266.834469333881
-266.835191511021
-266.833033746088
-266.829108197209
-266.837985359573
-266.833365678431
-266.819472120946
-266.823595985324
-266.834506029257
-266.844805759306
-266.821017562513
-266.829753918593
-266.834832247093
-266.826874835595
-266.832944920303
-266.840555856266
-266.832154252854
-266.832249869333
-266.826523866992
-266.819653559782
-266.837583513936
-266.83113685463
-266.8242748034
-266.813798220021
-266.831694846497
-266.835198218304
-266.831442235845
-266.829255451812
-266.832184312053
-266.829728839318
-266.841341271689
-266.820211886223
-266.821279240233
-266.839004718311
-266.835906869171
-266.835275608233
-266.832629275985
-266.835553567379
-266.836618659904
-266.833945125628
-266.828484806206
-266.836389463085
-266.838312199825
-266.839002256244
-266.833855978106
-266.827374589038
-266.829683600513
-266.831562935639
-266.837637949762
-266.830993218362
-266.832146325308
-266.835507269415
-266.839325643036
-266.836953547783
-266.83036894399
-266.824349321043
-266.83051970309
-266.836901036605
-266.844913524005
-266.836324331012
-266.825216452717
-266.832465022401
-266.839395945484
-266.829687820074
-266.837053106559
-266.831734408362
-266.83545966243
-266.837174199803
-266.829730722359
-266.833934125442
-266.828765735268
-266.830616594586
-266.820874522141
-266.834422174624
-266.82834033241
-266.824693304556
-266.829074322352
-266.837594239502
-266.828552619156
-266.840663998003
-266.833495705517
-266.838463731552
-266.834959136154
-266.816474792092
-266.817889139385
-266.824189737222
-266.835279612339
-266.830750758581
-266.842533956973
-266.831875154644
-266.838247143052
-266.832446467265
-266.838885514187
-266.83831921017
-266.833535225537
-266.838201299247
-266.830873198714
-266.842067364762
-266.838044084949
-266.82347911343
-266.838640128105
-266.822234584592
-266.831512942054
-266.832569963745
-266.83567660602
-266.83363473375
-266.831999559023
-266.835160540708
-266.83181605751
-266.82617257486
-266.836660276109
-266.835441392205
-266.82604471173
-266.844041644765
-266.823367234247
-266.828737796416
-266.824266608333
-266.837736224296
-266.816520793926
-266.842182796358
-266.82281802176
-266.832139145507
-266.837737465393
-266.826218305194
-266.834036740951
-266.835908593133
-266.814907991452
-266.828706010012
-266.830971025116
-266.826286192018
-266.840338989907
-266.815141064696
-266.82339663781
-266.824347645371
-266.830662926981
-266.819826024801
-266.834591549455
-266.823076844187
-266.831981426727
-266.833663770722
-266.835816226858
-266.828810733569
-266.817870559599
-266.829558826811
-266.840667309892
-266.821462207551
-266.822231755606
-266.823829298276
-266.829351489275
-266.835383937444
-266.829951280143
-266.836498941003
-266.817398481067
-266.835520536375
-266.837004494957
-266.828333732203
-266.829851962642
-266.838571645973
-266.830654635823
-266.831093840871
-266.833804410156
-266.837816155019
-266.82215776079
-266.834592016168
-266.823734500338
-266.833469810797
-266.837720459216
-266.82782531534
-266.830547238204
-266.8258804798
-266.832972512047
-266.829981106248
-266.833712742293
-266.8230050084
-266.82834104723
-266.825461189822
-266.807507658412
-266.829668406157
-266.834102752308
-266.835021151262
-266.827116093443
-266.832077920789
-266.822490775877
-266.835758327106
-266.834650117577
-266.833416564881
-266.834996504781
-266.837245289487
-266.83005607988
-266.829132289348
-266.834295552323
-266.834625376263
-266.834323666603
-266.830137746911
-266.827579204543
-266.831124637406
-266.833322660428
-266.82232367018
-266.835765351414
-266.839057413134
-266.828525572392
-266.836367304971
-266.82322281565
-266.832655671787
-266.837260838378
-266.839121752201
-266.836257044422
-266.839660251847
-266.828467267212
-266.829394406385
-266.833897285986
-266.834262114545
-266.837598205676
-266.838317206176
-266.825934134363
-266.826627653308
-266.828807514869
-266.842926046087
-266.836773845823
-266.818505960282
-266.829235433026
-266.831675572335
-266.839438234322
-266.836077312948
-266.824507370716
-266.827183729312
-266.827963174298
-266.834036360183
-266.822401070739
-266.833093026296
-266.834940933407
-266.830002067794
-266.831057434766
-266.835066022313
-266.829423252777
-266.822379238971
-266.834805387677
-266.829575633027
-266.834898124246
-266.833839961078
-266.823736418709
-266.826839513739
-266.827797401023
-266.837939102241
-266.834914893635
-266.82836957902
-266.822034981472
-266.827987774647
-266.830425957012
-266.831193031533
-266.829981076351
-266.832425326686
-266.838201283211
-266.825997694502
-266.82818332463
-266.825259516604
-266.826001854959
-266.831856504751
-266.830455138104
-266.837396146753
-266.838451871465
-266.828994686556
-266.834663143196
-266.836053951372
-266.828679968257
-266.832456575614
-266.827537187169
-266.838065719652
-266.82428123725
-266.829696979801
-266.833494499105
-266.820709949292
-266.823165755788
-266.828610248699
-266.835135822721
-266.827111609411
-266.826833519069
-266.841504915997
-266.827080585303
-266.828894556544
-266.819164536294
-266.832944317874
-266.814333797477
-266.825753257713
-266.835377717802
-266.833116825251
-266.835910690422
-266.838214939436
-266.837668414732
-266.835214562728
-266.831584663453
-266.828518883727
-266.828209270729
-266.834048291873
-266.830515034292
-266.824971110907
-266.833199975169
-266.837666998332
-266.838476050459
-266.82183523969
-266.819322518075
-266.823922996385
-266.813117277627
-266.832572015242
-266.830352284035
-266.823184843107
-266.839159319167
-266.841622681081
-266.841228503335
-266.829369449133
-266.833586658405
-266.83357808572
-266.836508652184
-266.833949378733
-266.832359258771
-266.820709410248
-266.833126042577
-266.828657528168
-266.823104770666
-266.834993903302
-266.839649795141
-266.820748225436
-266.825724633288
-266.832833946673
-266.82974278602
-266.830441141866
-266.828327483196
-266.840319572817
-266.828084581744
-266.824888818472
-266.81569090235
-266.823957087399
-266.840510549212
-266.831542592604
-266.828868024503
-266.830074684312
-266.822209222346
-266.827414410254
-266.837480612535
-266.826421778395
-266.82654197224
-266.83888474842
-266.843546842925
-266.840179968069
-266.835491094712
-266.82827836268
-266.836702045156
-266.835265074099
-266.840092144627
-266.833194471571
-266.835279656892
-266.825175469213
-266.831184518242
-266.839025054946
-266.840897600992
-266.831700422212
-266.830732656914
-266.818092978775
-266.827761179613
-266.825148373707
-266.83652379489
-266.834741996212
-266.835388160973
-266.839953122299
-266.826290681301
-266.833125338996
-266.822458215824
-266.838683927135
-266.836728611801
-266.838551258456
-266.819947395779
-266.835205942912
-266.82774040023
-266.827514204856
-266.839587662354
-266.834952367704
-266.832587157826
-266.83076292494
-266.831627863627
-266.831894702288
-266.834094976623
-266.819652591684
-266.828788746835
-266.830458197327
-266.839442972353
-266.833957756741
-266.835006838329
-266.812661099337
-266.83865976976
-266.829758669858
-266.838002832659
-266.838472243315
-266.837055743437
-266.821786769221
-266.839241834989
-266.81863812319
-266.834541009029
-266.838742990232
-266.82681349805
-266.831121773728
-266.820978745503
-266.825147736688
-266.837781480002
-266.826610298691
-266.842381149059
-266.840653969322
-266.821200218783
-266.834658403774
-266.834392709777
-266.831688888321
-266.830520398655
-266.833527121527
-266.826015876647
-266.837262095107
-266.830831711443
-266.835376751715
-266.834079812759
-266.835302626587
-266.836305462354
-266.828075908212
-266.832859350405
-266.839315677703
-266.824627994313
-266.835965894802
-266.822907650091
-266.832041872567
-266.841660972994
-266.835028523393
-266.837906386857
-266.83126619666
-266.832009307445
-266.834100586665
-266.833950659654
-266.822512043548
-266.83639017397
-266.818373460382
-266.833935034373
-266.819576969693
-266.828953266801
-266.822910366336
-266.832001992635
-266.825999162372
-266.836795839309
-266.836691671516
-266.819070699091
-266.815293620995
-266.826812926498
-266.835019539118
-266.830087545766
-266.826520482584
-266.829951032391
-266.839179312415
-266.824060563198
-266.840401044736
-266.826394742214
-266.824539252901
-266.813797301212
-266.828260036621
-266.835298662741
-266.834102906007
-266.838463669
-266.827982250857
-266.838387339481
-266.834694691986
-266.829221704525
-266.838415398831
-266.810148493064
-266.829593452008
-266.83511603753
-266.833293506119
-266.840534871308
-266.837583275349
-266.82143288437
-266.833190539476
-266.838825593915
-266.833932637221
-266.836717182262
-266.835831606639
-266.827232714631
-266.831789771188
-266.833678452329
-266.830526165774
-266.825355211054
-266.834118442052
-266.824071363896
-266.823322470843
-266.831524650764
-266.826626309678
-266.839446119095
-266.823312729307
-266.835701179588
-266.837695970759
-266.83221804278
-266.827525864094
-266.83821644925
-266.822784190627
-266.821106482173
-266.824556299831
-266.834409176641
-266.833383048282
-266.829054820791
-266.830818207771
-266.832862880241
-266.826605714631
-266.829929944177
-266.835765689174
-266.828749804204
-266.827716879777
-266.834898199357
-266.83418454062
-266.83582628862
-266.827060537312
-266.824380552165
-266.844565505715
-266.835983648535
-266.829623896717
-266.819237334319
-266.836102062744
-266.810033981251
-266.833874781373
-266.835350489923
-266.831102909281
-266.830626029145
-266.833208929138
-266.832157644234
-266.835962784816
-266.829093520888
-266.834818779671
-266.831602011763
-266.824781047417
-266.832758727243
-266.83528101847
-266.831256463561
-266.815454846768
-266.834274548018
-266.829844935482
-266.837957632041
-266.819402974279
-266.830544902403
-266.835001661436
-266.835081160953
-266.83593024403
-266.83786795987
-266.826955643754
-266.834974286067
-266.837589332524
-266.831277671351
-266.834866478195
-266.836218965135
-266.835505209258
-266.819921764482
-266.837136341921
-266.82466354479
-266.831443231006
-266.840195536903
-266.837912845811
-266.840907697964
-266.829273445607
-266.836480505668
-266.829500136493
-266.830991271843
-266.838823793655
-266.821466678285
-266.833655449763
-266.814267969204
-266.831626119969
-266.838473323623
-266.838592370544
-266.816534518891
-266.829683650189
-266.800393069025
-266.827601139029
-266.827315276288
-266.823839713057
-266.827547797258
-266.83185975318
-266.832186844701
-266.839962573038
-266.829660165808
-266.826267784488
-266.820046507967
-266.833773130474
-266.833736927743
-266.836883554082
-266.840762376007
-266.832030457774
-266.825929320971
-266.83411376042
-266.840173905667
-266.836296681344
-266.842083256453
-266.831415350319
-266.825892712387
-266.833455753302
-266.840088898302
-266.829713873265
-266.84203252899
-266.835183770237
-266.830863741287
-266.821889114876
-266.82868623448
-266.833607038017
-266.826087158449
-266.835599035338
-266.828562540849
-266.834166794072
-266.830199536994
-266.83461909936
-266.839216728898
-266.827379140226
-266.828797053697
-266.839065390976
-266.831116746802
-266.839947288406
-266.834796701091
-266.836360260933
-266.834799823376
-266.843561229853
-266.836880438237
-266.821360604741
-266.838086632966
-266.816726860584
-266.829282484882
-266.832660916473
-266.831793871857
-266.836384921876
-266.835138309317
-266.833669160181
-266.82952057734
-266.828076751238
-266.834681408582
-266.831963745324
-266.834986394257
-266.835334937797
-266.834191957077
-266.836112940873
-266.834616759683
-266.826070962564
-266.821580902021
-266.842345997059
-266.820650896277
-266.831273173455
-266.831361173357
-266.835630081804
-266.826764595457
-266.833795109891
-266.831108547518
-266.823823158056
-266.834955951779
-266.827734115101
-266.824753867142
-266.821638828596
-266.819605826607
-266.835440236386
-266.827430635276
-266.820812009623
-266.833852082487
-266.832615769561
-266.839110705537
-266.839022461868
-266.828554770843
-266.822840660328
-266.829439798331
-266.833826605047
-266.829882190599
-266.836810626545
-266.831898566638
-266.828423875072
-266.832607043724
-266.841643834087
-266.836467398571
-266.842704647017
-266.828765084458
-266.832079309991
-266.829855896219
-266.82841992592
-266.838736004717
-266.830367851125
-266.82129614309
-266.836352416783
-266.827474206258
-266.832661476683
-266.823121594069
-266.833730686312
-266.828893697876
-266.840025272555
-266.828205746729
-266.836105164982
-266.826161620413
-266.838877785184
-266.831860962652
-266.825498017234
-266.826196771059
-266.814506709749
-266.835659557634
-266.826730445548
-266.832582626875
-266.81656812084
-266.832819995166
-266.841185462669
-266.829149075517
-266.830058713035
-266.825722109095
-266.830029219378
-266.823738838853
-266.822300872593
-266.825660961889
-266.833815002865
-266.827480680608
-266.840317749995
-266.830176541757
-266.839102101092
-266.840622714303
-266.830662785191
-266.831652726765
-266.821027244155
-266.841398182899
-266.834178045166
-266.822173628893
-266.826758269562
-266.834160947885
-266.836621173846
-266.830199575614
-266.83448750638
-266.832820275619
-266.836436962345
-266.836605353049
-266.832934916802
-266.829678010632
-266.813419988691
-266.838185552658
-266.828087189228
-266.832307039835
-266.824063733121
-266.825207234905
-266.839385844052
-266.831609238254
-266.841775278625
-266.835354314418
-266.830170068132
-266.830317296928
-266.83658539507
-266.832885831408
-266.833684605587
-266.836211363434
-266.835361684432
-266.837865160567
-266.836442648612
-266.833835189044
-266.831579886541
-266.821395505538
-266.832944258097
-266.832363561292
-266.837983909955
-266.830088545652
-266.835293279579
-266.834700915354
-266.833776037844
-266.833581889657
-266.820390471208
-266.835671018143
-266.812818760877
-266.838846255138
-266.830991428457
-266.829029390059
-266.827980398821
-266.827245171456
-266.835429092605
-266.829186551621
-266.83115647611
-266.827614807787
-266.838423352271
-266.825922491481
-266.836113410335
-266.814943009425
-266.841296762773
-266.828028190701
-266.838908800413
-266.826810710987
-266.838302905784
-266.820428867622
-266.823323412445
-266.834538146453
-266.82673845951
