-115.5588615
-115.5640269
-115.5620386
-115.5605918
-115.5589725
-115.5596675
-115.5621402
-115.5618273
-115.560323
-115.5553691
-115.5590973
-115.5585291
-115.5623825
-115.5582618
-115.5580134
-115.5602092
-115.561329
-115.5555262
-115.562394
-115.5630119
-115.5551404
-115.5610897
-115.5600845
-115.5641363
-115.561792
-115.5573347
-115.5572015
-115.5584268
-115.5626109
-115.5623059
-115.5599549
-115.5618502
-115.561987
-115.56262
-115.5615036
-115.56212
-115.5593594
-115.5595033
-115.5610692
-115.5583025
-115.5580269
-115.5610702
-115.5573089
-115.5592244
-115.5585986
-115.5585301
-115.5583059
-115.557917
-115.5562247
-115.5605761
-115.5631709
-115.5627464
-115.5552824
-115.5549028
-115.5625552
-115.560452
-115.5622693
-115.5631103
-115.5615829
-115.5615487
-115.5613113
-115.5581934
-115.5612761
-115.5570948
-115.5621997
-115.5560873
-115.5590661
-115.5615427
-115.5563256
-115.5578624
-115.5598434
-115.5613482
-115.5536477
-115.5628529
-115.5575328
-115.5599445
-115.5589913
-115.56321
-115.5606938
-115.5603167
-115.5603467
-115.5598949
-115.5610882
-115.5619458
-115.5603673
-115.5607384
-115.5613825
-115.5610546
-115.5631461
-115.5625029
-115.5628757
-115.5620969
-115.5616166
-115.5614727
-115.5592165
-115.5614894
-115.5630917
-115.5601324
-115.5619495
-115.5632835
-115.5615261
-115.5619229
-115.5603591
-115.5583039
-115.5578517
-115.5602014
-115.5581206
-115.5626871
-115.5619981
-115.5580505
-115.5574016
-115.5643848
-115.5599343
-115.5566609
-115.5612109
-115.5623136
-115.559746
-115.5638192
-115.5613468
-115.5584744
-115.5573661
-115.5633772
-115.5634884
-115.5615432
-115.5605432
-115.5582588
-115.5588053
-115.5610456
-115.552966
-115.5635317
-115.5620619
-115.5554051
-115.5516994
-115.5576685
-115.5578129
-115.560821
-115.5590907
-115.5613754
-115.5556584
-115.5600477
-115.5632436
-115.5587695
-115.5594792
-115.5570055
-115.5610806
-115.5553779
-115.5599723
-115.5593713
-115.5579979
-115.561189
-115.5571847
-115.5601108
-115.5613736
-115.5606915
-115.5599431
-115.5622406
-115.558121
-115.5600783
-115.560195
-115.5602358
-115.5608268
-115.5589004
-115.5580021
-115.5506641
-115.5602647
-115.5607521
-115.5587532
-115.5627404
-115.5563046
-115.5616019
-115.5607167
-115.5549814
-115.5535062
-115.5596212
-115.5557541
-115.562758
-115.5601334
-115.560502
-115.562029
-115.5577365
-115.5599986
-115.5612109
-115.5590457
-115.5624971
-115.5543348
-115.5610474
-115.5599019
-115.5572563
-115.5605242
-115.5545906
-115.555258
-115.5584152
-115.5617225
-115.5588566
-115.5597667
-115.5601236
-115.5583331
-115.5613632
-115.555306
-115.5576107
-115.5590691
-115.5486509
-115.5642682
-115.5617443
-115.5638253
-115.5606099
-115.5583632
-115.5616451
-115.5613205
-115.5566475
-115.5627237
-115.5618733
-115.5614397
-115.5601865
-115.5575492
-115.5600756
-115.556464
-115.5602933
-115.5609154
-115.5617441
-115.5597875
-115.5601269
-115.5623497
-115.5589775
-115.5592619
-115.5630391
-115.5591959
-115.5611262
-115.5635761
-115.5613133
-115.5586153
-115.5545248
-115.5573672
-115.5541939
-115.5555556
-115.5601768
-115.560932
-115.5629146
-115.5611513
-115.5602623
-115.557598
-115.5625193
-115.5625022
-115.5606794
-115.5623907
-115.5587131
-115.5611305
-115.5615283
-115.5573975
-115.5621045
-115.5607793
-115.5610478
-115.5628552
-115.5611992
-115.5593711
-115.5634071
-115.5616482
-115.5617561
-115.5576812
-115.5572412
-115.5581137
-115.5604313
-115.5610749
-115.5579629
-115.5584063
-115.5595277
-115.5592313
-115.5599525
-115.5598626
-115.5617983
-115.5611992
-115.5583825
-115.5581191
-115.5559764
-115.5627361
-115.5582959
-115.5621221
-115.5624014
-115.563735
-115.5616337
-115.5588618
-115.5555147
-115.5627269
-115.5614641
-115.5592665
-115.5617703
-115.5595579
-115.5637273
-115.5615551
-115.5626252
-115.5597656
-115.558652
-115.5615311
-115.5594385
-115.5628608
-115.5632463
-115.5623489
-115.5607062
-115.5605393
-115.5620624
-115.5609791
-115.555789
-115.5571577
-115.5588228
-115.5598258
-115.5588211
-115.5622589
-115.5605231
-115.5618245
-115.5601567
-115.5632307
-115.5639546
-115.5603226
-115.5608866
-115.5623603
-115.5624732
-115.5536489
-115.5567423
-115.5607955
-115.5623311
-115.559636
-115.5594112
-115.5626731
-115.5595179
-115.5616122
-115.5579128
-115.560993
-115.5550131
-115.5600043
-115.5615927
-115.5620721
-115.5629822
-115.5599237
-115.56103
-115.562434
-115.5625284
-115.5602954
-115.5625265
-115.5588361
-115.5613181
-115.5591285
-115.5596671
-115.5577291
-115.5632422
-115.5610802
-115.5600154
-115.5578266
-115.5551244
-115.5602197
-115.5541045
-115.5616299
-115.5605702
-115.5616029
-115.5617483
-115.5583994
-115.5533973
-115.5620301
-115.5598722
-115.5607473
-115.5622654
-115.5620248
-115.5612588
-115.5624397
-115.5570831
-115.5542816
-115.5629072
-115.5596012
-115.5619935
-115.5595539
-115.5626168
-115.5608876
-115.5581183
-115.5599136
-115.5619589
-115.5579382
-115.5576447
-115.5569449
-115.5608285
-115.5573826
-115.5587519
-115.5591971
-115.5609267
-115.5585143
-115.5625425
-115.5605684
-115.5588305
-115.5614011
-115.5578326
-115.556157
-115.5602193
-115.56035
-115.5597187
-115.5525689
-115.5534752
-115.5582248
-115.5592197
-115.5568968
-115.5573843
-115.5622013
-115.5587488
-115.5607652
-115.5564234
-115.5590827
-115.5577766
-115.5489748
-115.5504701
-115.5633638
-115.5573522
-115.5558979
-115.5563324
-115.5638065
-115.5632629
-115.5542347
-115.5573512
-115.5630891
-115.5617499
-115.5612701
-115.5581819
-115.5568938
-115.559241
-115.5593476
-115.5605806
-115.5630561
-115.5597935
-115.5553607
-115.5614098
-115.5629501
-115.5636279
-115.5620133
-115.5616485
-115.56299
-115.5595926
-115.5568942
-115.5613527
-115.5624983
-115.5625863
-115.5615547
-115.5604949
-115.5599204
-115.5602528
-115.5586613
-115.5590226
-115.5624691
-115.5582925
-115.5599169
-115.5583724
-115.5637434
-115.5625177
-115.5594525
-115.5599971
-115.5600234
-115.5611293
-115.5631484
-115.562362
-115.5597986
-115.5589616
-115.5613806
-115.5535404
-115.5596991
-115.5548393
-115.560748
-115.5615759
-115.5602382
-115.5619579
-115.5625261
-115.5612862
-115.5616983
-115.5564914
-115.5558422
-115.5607695
-115.5591412
-115.5611535
-115.563744
-115.560988
-115.5622122
-115.5562283
-115.5641343
-115.5588657
-115.5636309
-115.5563226
-115.5615161
-115.5635364
-115.5528173
-115.5630252
-115.5603247
-115.5632003
-115.5581555
-115.5606837
-115.5594492
-115.5557479
-115.5557019
-115.5640714
-115.5613808
-115.5608286
-115.5603351
-115.5568173
-115.5625054
-115.5587551
-115.5595986
-115.5582908
-115.5619784
-115.5617046
-115.5630509
-115.5577928
-115.5567909
-115.5628252
-115.5602294
-115.5613584
-115.5584919
-115.5598815
-115.5624577
-115.5592555
-115.5625122
-115.5623697
-115.5581358
-115.5625098
-115.560132
-115.5602942
-115.5612454
-115.5551752
-115.5520646
-115.5637884
-115.5621252
-115.5593244
-115.5608491
-115.5577839
-115.5559094
-115.551246
-115.5602008
-115.5576344
-115.5518567
-115.5628395
-115.5622114
-115.5603798
-115.5617514
-115.5623273
-115.5616882
-115.5501094
-115.5578946
-115.5585997
-115.559236
-115.558682
-115.5583965
-115.5609864
-115.5632861
-115.5618477
-115.5555016
-115.5597161
-115.5560548
-115.5553951
-115.5579789
-115.5582347
-115.5568893
-115.56142
-115.5623762
-115.5616878
-115.5576171
-115.5590512
-115.5595426
-115.5616138
-115.5541779
-115.553716
-115.5594721
-115.5633877
-115.5619659
-115.5622573
-115.5615054
-115.5614908
-115.5581052
-115.5617598
-115.563396
-115.5619386
-115.5584392
-115.5634768
-115.5588054
-115.5575359
-115.5551707
-115.5572404
-115.5560204
-115.5562651
-115.5633128
-115.5620996
-115.5620152
-115.5579205
-115.5546539
-115.5594994
-115.5627769
-115.5630869
-115.563278
-115.5601566
-115.5612261
-115.5563886
-115.5590047
-115.5622951
-115.5577927
-115.5632014
-115.5593891
-115.5584031
-115.5615194
-115.5598281
-115.5623743
-115.5555412
-115.5605181
-115.5566498
-115.5631222
-115.5611682
-115.5600156
-115.5626669
-115.5616627
-115.5591589
-115.5618163
-115.5610129
-115.5620671
-115.5572188
-115.5573035
-115.5611236
-115.5621217
-115.5565666
-115.5592805
-115.5584478
-115.5638405
-115.5618125
-115.563622
-115.5560488
-115.5578906
-115.558194
-115.5615224
-115.5619504
-115.5617667
-115.5598622
-115.5506256
-115.5621758
-115.5632684
-115.5569198
-115.5619679
-115.5591856
-115.5625611
-115.5587519
-115.5572474
-115.5602859
-115.5542799
-115.5596086
-115.5598992
-115.559389
-115.5594829
-115.5576653
-115.5623702
-115.5624817
-115.5623699
-115.5621069
-115.5616791
-115.5566143
-115.5600798
-115.5631281
-115.5636864
-115.5588154
-115.5627935
-115.5632711
-115.5584904
-115.5568103
-115.5611538
-115.5611376
-115.5562455
-115.5580307
-115.5638166
-115.5620371
-115.5636633
-115.5546003
-115.5534609
-115.5606907
-115.5590948
-115.556812
-115.5627894
-115.5579091
-115.5608428
-115.560775
-115.5566128
-115.5586135
-115.5500115
-115.5581162
-115.5568752
-115.5614022
-115.5587669
-115.5598512
-115.5603688
-115.5549077
-115.5585511
-115.559573
-115.5620046
-115.5636854
-115.55994
-115.560485
-115.55717
-115.5532495
-115.5611271
-115.5598868
-115.561592
-115.5560512
-115.559919
-115.5560588
-115.5609702
-115.5584695
-115.5606336
-115.5605388
-115.5595628
-115.5581801
-115.5587207
-115.5606739
-115.5559685
-115.5552303
-115.5623712
-115.5601453
-115.5626404
-115.5591936
-115.5620618
-115.558727
-115.5605672
-115.5611636
-115.5603891
-115.5621032
-115.5580931
-115.5627675
-115.5588425
-115.5521191
-115.5591024
-115.5606308
-115.5570217
-115.5627919
-115.5593953
-115.5575491
-115.5623754
-115.5626625
-115.559597
-115.5602219
-115.5608166
-115.5602261
-115.5626093
-115.5587347
-115.5593849
-115.5591664
-115.5596833
-115.5592789
-115.5620996
-115.5609072
-115.5587549
-115.5585108
-115.5596406
-115.5585563
-115.5614231
-115.5595618
-115.5614587
-115.55819
-115.5593988
-115.5582338
-115.5597062
-115.5581193
-115.5559592
-115.559402
-115.5635107
-115.5634102
-115.5643214
-115.5588086
-115.5569137
-115.5612728
-115.5608311
-115.5627996
-115.5633425
-115.5617399
-115.5618328
-115.5624897
-115.5621142
-115.5563014
-115.5590889
-115.56263
-115.5592576
-115.5620219
-115.5595128
-115.5573193
-115.557417
-115.5591943
-115.5562929
-115.5623691
-115.5606101
-115.564479
-115.5567289
-115.5536943
-115.5596947
-115.5617059
-115.5554166
-115.5637663
-115.5625225
-115.5603381
-115.5560303
-115.5567689
-115.5622249
-115.5627398
-115.5552385
-115.5533583
-115.5621333
-115.5631732
-115.5603484
-115.5556777
-115.5609439
-115.5600442
-115.5562359
-115.5587952
-115.5606197
-115.5632884
-115.5591269
-115.5582175
-115.5613416
-115.561818
-115.5610149
-115.5571782
-115.5485308
-115.5601899
-115.5568794
-115.5616055
-115.5628303
-115.5586471
-115.5614413
-115.5580098
-115.5565362
-115.5612331
-115.553065
-115.5608729
-115.5586587
-115.5579193
-115.5577744
-115.5611242
-115.5618978
-115.5605221
-115.5578197
-115.5604766
-115.5619649
-115.5621094
-115.5589741
-115.5597639
-115.5608395
-115.5614594
-115.559764
-115.5612965
-115.5634417
-115.5620637
-115.5555232
-115.5592992
-115.5500334
-115.5554538
-115.5593897
-115.5554237
-115.5639258
-115.5632069
-115.5641096
-115.5588914
-115.5624308
-115.563421
-115.5638636
-115.5572768
-115.5592259
-115.5530671
-115.5525849
-115.560648
-115.5636454
-115.5591505
-115.5512773
-115.5594418
-115.5587226
-115.5609412
-115.5544034
-115.5561772
-115.5643697
-115.5571993
-115.5610716
-115.5565077
-115.5624486
-115.5600453
-115.5570824
-115.5562587
-115.5575956
-115.5592519
-115.5605558
-115.55579
-115.5571185
-115.5644275
-115.5612659
-115.5601192
-115.5602365
-115.5616933
-115.5590084
-115.5590081
-115.5619807
-115.5630433
-115.5583181
-115.5601582
-115.5595314
-115.5641456
-115.5607372
-115.558325
-115.5607859
-115.5595101
-115.5623726
-115.5608776
-115.5577625
-115.5633997
-115.5631543
-115.5630022
-115.5614348
-115.562149
-115.5598884
-115.5594375
-115.5621934
-115.5583105
-115.5591906
-115.5609486
-115.5634321
-115.5610451
-115.5623243
-115.5636819
-115.5551842
-115.5623662
-115.5582064
-115.5629828
-115.5614155
-115.5622326
-115.5598312
-115.5643903
-115.5628589
-115.5617611
-115.5606591
-115.5602524
-115.5598492
-115.5622789
-115.5631643
-115.5584863
-115.5600592
-115.5582364
-115.5631537
-115.5617211
-115.5597489
-115.556474
-115.5583568
-115.5609779
-115.5538283
-115.5594325
-115.5643073
-115.5614584
-115.5649377
-115.5644282
-115.5587411
-115.5572799
-115.5580368
-115.5573851
-115.5581923
-115.5597164
-115.5611021
-115.5609281
-115.5618366
-115.5610113
-115.5592817
-115.5600091
-115.557851
-115.5617018
-115.5606571
-115.5612853
-115.5591551
-115.5614999
-115.5600834
-115.5617167
-115.5615101
-115.5604375
-115.5611857
-115.5592702
-115.5604679
-115.5635883
-115.5621663
-115.5585599
-115.5625694
-115.5643615
-115.5607885
-115.5626047
-115.5614552
-115.5616556
-115.5614271
-115.5625887
-115.5637833
-115.5586057
-115.5608464
-115.5602569
-115.556844
-115.5611218
-115.5605299
-115.5611484
-115.5573708
-115.561383
-115.5641846
-115.5617913
-115.5615288
-115.5633963
-115.5612808
-115.5611513