-194.070431336075
-194.077051950677
-194.080147349993
-194.072293144236
-194.074649707952
-194.076514325505
-194.075771027762
-194.074083604935
-194.071766231271
-194.070952947627
-194.074959751943
-194.07254979314
-194.074522809805
-194.07724171147
-194.06525359346
-194.070433720328
-194.073743276624
-194.075950990602
-194.080051269474
-194.071878607489
-194.07014149092
-194.076928273307
-194.075283692446
-194.076851404815
-194.075888888365
-194.077846728548
-194.071499705874
-194.076588003404
-194.074756471345
-194.064545374481
-194.065672796783
-194.076796897653
-194.073033669965
-194.077018147791
-194.068221083174
-194.07559823453
-194.078910597265
-194.077547270855
-194.075864098988
-194.074777638654
-194.069808318972
-194.068572610185
-194.07223138912
-194.077781003712
-194.082633621197
-194.075730017836
-194.066555540065
-194.068036985313
-194.076787969201
-194.067833761139
-194.066684022791
-194.072015824978
-194.078482356373
-194.074710973106
-194.07634508288
-194.076180479607
-194.071412611522
-194.076964969874
-194.074976282639
-194.073526915106
-194.07475151037
-194.065434244641
-194.074232935766
-194.070783807079
-194.074287708122
-194.067910018248
-194.083335269097
-194.078315354315
-194.07294428427
-194.074082080599
-194.073680585186
-194.080166520668
-194.073946046634
-194.070444389576
-194.074836688463
-194.075691055534
-194.076770946186
-194.069561919795
-194.073249210586
-194.070371714176
-194.069391028747
-194.060338911113
-194.075124867991
-194.079762195155
-194.076673779544
-194.068894946743
-194.075764365249
-194.07100360064
-194.069367698273
-194.06882957496
-194.076459712976
-194.074824816514
-194.070880687695
-194.074126943227
-194.07428288565
-194.074622956403
-194.071658351139
-194.073099496504
-194.07532957796
-194.067724827162
-194.080947735412
-194.074247799309
-194.073924731328
-194.075813703722
-194.075674519846
-194.079253672435
-194.081742595218
-194.074448276229
-194.071509593213
-194.072607363842
-194.072449118703
-194.075383631947
-194.064615726647
-194.077486017025
-194.075051385154
-194.07526880639
-194.073365679824
-194.073411256639
-194.077701446753
-194.077370462363
-194.080252629031
-194.071265864599
-194.072415904504
-194.078287514974
-194.070032553164
-194.079002234151
-194.075786134841
-194.068293515065
-194.069841378327
-194.07145327151
-194.071941650876
-194.07449587273
-194.080172411825
-194.073420574985
-194.07140946748
-194.077900215817
-194.072046625186
-194.068929258506
-194.069371811339
-194.074060583288
-194.07211214588
-194.069805668325
-194.077662630289
-194.072450013321
-194.076244485589
-194.07763161895
-194.075613476895
-194.071392697148
-194.073948822406
-194.074151394853
-194.075972590789
-194.075922437149
-194.074922319079
-194.077604850948
-194.084533853296
-194.07623618478
-194.076152232406
-194.066726753249
-194.078954658404
-194.082939090634
-194.080621731833
-194.073991159728
-194.075527942289
-194.06816584324
-194.076183579577
-194.079231527994
-194.077471525479
-194.076946273116
-194.078738198688
-194.073509540508
-194.074228223613
-194.070185853269
-194.073912224651
-194.076365256716
-194.073223096585
-194.070299962014
-194.072011506852
-194.074775535011
-194.074523605338
-194.068600193905
-194.077564946563
-194.077783116567
-194.078229286938
-194.07351785389
-194.072000241574
-194.068001835854
-194.074961850957
-194.07081265314
-194.072428319001
-194.073418492966
-194.061980954111
-194.071321069384
-194.074424037491
-194.073056093354
-194.074010783711
-194.074610760637
-194.06947685912
-194.073826785492
-194.07705808673
-194.0793068224
-194.081957272585
-194.076262509182
-194.076641986339
-194.077319196171
-194.0667839498
-194.062713200241
-194.078232530499
-194.081064465997
-194.074483461573
-194.077191462825
-194.076386606956
-194.071451988367
-194.079440019687
-194.080538266775
-194.069807679857
-194.073226854714
-194.081050016649
-194.077845608426
-194.06986652392
-194.074965188043
-194.079939232787
-194.083217993233
-194.07650985107
-194.074925516069
-194.070885918299
-194.076307897053
-194.074494425679
-194.082175884475
-194.076623257534
-194.075022771822
-194.07394151442
-194.068351364836
-194.068767441513
-194.07070413252
-194.068184869923
-194.072672795801
-194.074861715719
-194.078381004882
-194.075100178415
-194.072466739686
-194.068472537782
-194.079716594769
-194.071014247947
-194.071291658945
-194.079295689338
-194.072188809283
-194.078382629797
-194.080269267879
-194.079950039479
-194.073658873651
-194.075255992405
-194.079301764813
-194.074206300222
-194.070218404779
-194.081703195167
-194.07492601152
-194.077568828598
-194.07175659789
-194.072748798889
-194.075102814987
-194.078374917481
-194.075789262924
-194.070731671933
-194.067037979146
-194.066197362873
-194.076880055361
-194.083538165963
-194.080174918477
-194.073825481665
-194.078184868502
-194.078077104974
-194.076453400323
-194.076614588904
-194.071705015711
-194.07262448933
-194.074071077942
-194.071832154387
-194.073591276014
-194.076641776464
-194.079184237664
-194.073133599488
-194.081373935421
-194.075081169967
-194.077914472148
-194.073530472796
-194.067433016241
-194.073543249846
-194.075868148797
-194.07202144997
-194.075985936734
-194.07746273473
-194.066753843815
-194.077611788662
-194.079150804198
-194.067448414536
-194.077410356345
-194.074047580079
-194.073509091217
-194.068563767905
-194.075414490385
-194.072926561946
-194.074963420984
-194.076962653771
-194.071786410712
-194.074148475597
-194.077671940874
-194.071635777981
-194.073834319495
-194.074810462218
-194.077239774941
-194.078767233015
-194.073201498387
-194.078702459716
-194.072920810921
-194.07818685433
-194.069527069317
-194.068488692949
-194.073378194558
-194.077027336326
-194.077343436561
-194.074457429832
-194.075312032783
-194.075506040316
-194.078246064517
-194.077823130425
-194.079914409159
-194.07447758597
-194.065968818627
-194.079306924474
-194.074301258972
-194.079789058323
-194.075047388178
-194.074832985754
-194.074193404715
-194.075330115323
-194.078576310566
-194.07365648565
-194.072857540979
-194.073913177513
-194.077215202189
-194.072503887941
-194.071178728749
-194.072946481533
-194.074088996975
-194.078644772811
-194.079979647344
-194.073025085787
-194.07264892505
-194.075027365772
-194.074651791263
-194.07128365765
-194.069785861307
-194.069893204521
-194.068822861184
-194.080996452783
-194.073225250816
-194.074987579492
-194.073882849135
-194.078526321444
-194.073448134364
-194.073723727162
-194.062641954413
-194.077273073
-194.077160029819
-194.075735999672
-194.078229367193
-194.073693936341
-194.071274990364
-194.072534141272
-194.079777650595
-194.073620607953
-194.076156566604
-194.072207656922
-194.074320038371
-194.072882770083
-194.075951209764
-194.078522277246
-194.072385171126
-194.072798494578
-194.07686422474
-194.078334990831
-194.075292312564
-194.077886758592
-194.075364197718
-194.074123330156
-194.07426013945
-194.075686350116
-194.068772325148
-194.075216601689
-194.074788146249
-194.077311964266
-194.074461822201
-194.081602244604
-194.072033105949
-194.081065310039
-194.073517371105
-194.077826601769
-194.071700057548
-194.07314263653
-194.071644727162
-194.077196706924
-194.070875688092
-194.079302423218
-194.073065520731
-194.07424155586
-194.07314213399
-194.068791663686
-194.077992768904
-194.08021351911
-194.08024556401
-194.078743088126
-194.07336834447
-194.076361393793
-194.07532915142
-194.077134120718
-194.075852050491
-194.07530359101
-194.080125635553
-194.079754937914
-194.077528132929
-194.075918757233
-194.07579091425
-194.077337808807
-194.067504971329
-194.072118191094
-194.067350574512
-194.074573729541
-194.073494887884
-194.080172916285
-194.072583102723
-194.077968480994
-194.073644078151
-194.077935579891
-194.077681273699
-194.073509579791
-194.069263771481
-194.075826050897
-194.074690837389
-194.070964693264
-194.074893450832
-194.076282193318
-194.074413326553
-194.075406385999
-194.081507615597
-194.076215574225
-194.074402737492
-194.075230566855
-194.074864747773
-194.0773363585
-194.070733686866
-194.072104911023
-194.079969315929
-194.072534235765
-194.076339217755
-194.07610119372
-194.069500824945
-194.076128904159
-194.078102297541
-194.076411152919
-194.076383568434
-194.077076171077
-194.078295284807
-194.074675545772
-194.078936796011
-194.075657917897
-194.083182525711
-194.077423303434
-194.069541568702
-194.077017477414
-194.069784688908
-194.0682595945
-194.068914249306
-194.074098395097
-194.074276610416
-194.069877180089
-194.078561184473
-194.07063488277
-194.071488501791
-194.078120806269
-194.078651654997
-194.07807513365
-194.077548232063
-194.072152476907
-194.073823532096
-194.077278097395
-194.080356704593
-194.075627222669
-194.078119319129
-194.077769364193
-194.078509117452
-194.078393085439
-194.077692018946
-194.079421261006
-194.075045825291
-194.072469871192
-194.067971119794
-194.078078144848
-194.076703391711
-194.080227996205
-194.071276495837
-194.078786196202
-194.07980363601
-194.080002936064
-194.075025632958
-194.072385193399
-194.07791295666
-194.075471177409
-194.076066458522
-194.077927806929
-194.07778975946
-194.07061415623
-194.069347384432
-194.077032004936
-194.07263538007
-194.077000497496
-194.073705032013
-194.072853171936
-194.079438893065
-194.073006857109
-194.082020343545
-194.078519213755
-194.076972806962
-194.080052636608
-194.069682382418
-194.063441655996
-194.07572986171
-194.079838968748
-194.074984049785
-194.074796406967
-194.074261192146
-194.074647151676
-194.072742340795
-194.075628649343
-194.079894100589
-194.076562760827
-194.068494708717
-194.077071271434
-194.07258394105
-194.078435163416
-194.070905234201
-194.072743252054
-194.070255019503
-194.069045831075
-194.075136288908
-194.079643548607
-194.084674511995
-194.066605692917
-194.074269806809
-194.079523971262
-194.073243797148
-194.072362817391
-194.070355373305
-194.079773758524
-194.077466483937
-194.081760454724
-194.081006049163
-194.072668701498
-194.07827504778
-194.079872170545
-194.080092002811
-194.075351057759
-194.072819167886
-194.078783472844
-194.074699022051
-194.071820443405
-194.069721529126
-194.074622761637
-194.071010434125
-194.073101058631
-194.075791547065
-194.076357901148
-194.077084823196
-194.071187410786
-194.072778792605
-194.07857520043
-194.076568707336
-194.072792598389
-194.076101009124
-194.066758152634
-194.078468776578
-194.072271262678
-194.073304486208
-194.075259643066
-194.076015595315
-194.069632160035
-194.074989594641
-194.075013515417
-194.075109341691
-194.073096677795
-194.075391506299
-194.080428774983
-194.069565478113
-194.073442070235
-194.069236739595
-194.074134990113
-194.073493021609
-194.06837629068
-194.076965511885
-194.076546888688
-194.078775718752
-194.068767947733
-194.076132942659
-194.071061429113
-194.071002119534
-194.073770501712
-194.067860049793
-194.074450254447
-194.076158197028
-194.076165736986
-194.076310667763
-194.070620838282
-194.06829722219
-194.073128511628
-194.079963888721
-194.0732828205
-194.075435465575
-194.077177956864
-194.075296859135
-194.067621740426
-194.077091516168
-194.074367775325
-194.069157358419
-194.076188369345
-194.075522197657
-194.072336199083
-194.074331706026
-194.078094200287
-194.069605347119
-194.075698127646
-194.065430790637
-194.07509062537
-194.061079422725
-194.076784146867
-194.066618114388
-194.080468792136
-194.074308465717
-194.072822599469
-194.069597223453
-194.067710158853
-194.069877590266
-194.074941984539
-194.080803780267
-194.069881299816
-194.077708480496
-194.073914066309
-194.07088642948
-194.079254980562
-194.072887244812
-194.075574737341
-194.081342766678
-194.074149710137
-194.074556174813
-194.074537906572
-194.076817111265
-194.072279855339
-194.076074465843
-194.074928246901
-194.082953817666
-194.083065278964
-194.07993534136
-194.075261533287
-194.075359496492
-194.06798956331
-194.064658030409
-194.074789729118
-194.075404844652
-194.071847186727
-194.076740723053
-194.07688869238
-194.070650709822
-194.075421381372
-194.076253603796
-194.077468745653
-194.074304475583
-194.074179814692
-194.075254097652
-194.074879947971
-194.067444069646
-194.07712968758
-194.073882017564
-194.068429496477
-194.076802668831
-194.077155797421
-194.069181582164
-194.074729369515
-194.07339977012
-194.073833277836
-194.074803558088
-194.074919402987
-194.076046699384
-194.075498637595
-194.082529811551
-194.071994828924
-194.074433231682
-194.073890839985
-194.079193420626
-194.07831374403
-194.070482191874
-194.07607034438
-194.072634328093
-194.076888230866
-194.077167240352
-194.073379716592
-194.072525250921
-194.071797373941
-194.079381761373
-194.067425795609
-194.077603504463
-194.071986919385
-194.07016990447
-194.074037849894
-194.077333101413
-194.076081649681
-194.079176167944
-194.081628662826
-194.074051037885
-194.082032848679
-194.075825976573
-194.078016326914
-194.077849822705
-194.081027207279
-194.076989244149
-194.075327079064
-194.073758839979
-194.078469842183
-194.069106655758
-194.072637063562
-194.069665552057
-194.070765680492
-194.074932193913
-194.072070185109
-194.075180491234
-194.072862895041
-194.076471762513
-194.078733223486
-194.078594987329
-194.070992191182
-194.080071488814
-194.075640373527
-194.075457980476
-194.073815355156
-194.079724533458
-194.076310057648
-194.077174675937
-194.074768595664
-194.076503128467
-194.079789964963
-194.078972132343
-194.073663803114
-194.073098370579
-194.073741189937
-194.076610930661
-194.071372501351
-194.072591395564
-194.07436028587
-194.069881217789
-194.077313764986
-194.073768901221
-194.078337118567
-194.081551406088
-194.078570205975
-194.077872230907
-194.073601265157
-194.074393141644
-194.072300142815
-194.074180981518
-194.069553538155
-194.070608306729
-194.070733285865
-194.071703639624
-194.06996016547
-194.068788354024
-194.075811763127
-194.073154921154
-194.077505384348
-194.073703992188
-194.068324877004
-194.072290219185
-194.076275537902
-194.076914334915
-194.067957045195
-194.070255216464
-194.073317750889
-194.076022686242
-194.075706601388
-194.076987444061
-194.072928704763
-194.076785939121
-194.075303336087
-194.07721577513
-194.075456046635
-194.078461078149
-194.076634722487
-194.08030853248
-194.067646104686
-194.084557125725
-194.081379028094
-194.068000408041
-194.065949103842
-194.073103542424
-194.078603459984
-194.079614672136
-194.074293531618
-194.072757182581
-194.073664021262
-194.075305848004
-194.077870365292
-194.061358674099
-194.075307146826
-194.07470929918
-194.070177465129
-194.073998507196
-194.072626813951
-194.072832135259
-194.076600247646
-194.076064218123
-194.075681462433
-194.077555462704
-194.074797630394
-194.081428595518
-194.072508279168
-194.075327507132
-194.072712130498
-194.07310983686
-194.075841632387
-194.070767194168
-194.069540870971
-194.078179124223
-194.073101226614
-194.071914590434
-194.072686445248
-194.079385018809
-194.082512398131
-194.078488073554
-194.079158345864
-194.076308195557
-194.070497284931
-194.07968311781
-194.075983287666
-194.075972013698
-194.075436104548
-194.069887692677
-194.07386177628
-194.078853873999
-194.075895917775
-194.068142239693
-194.067446867052
-194.073840882254
-194.068708742738
-194.073500517421
-194.069093117402
-194.076961343447
-194.075370492146
-194.06909252934
-194.069574207563
-194.07763956718
-194.079677770351
-194.082656270862
-194.070236091293
-194.077870856658
-194.076904218869
-194.069693791978
-194.080762688277
-194.077227810684
-194.075189552208
-194.077459428753
-194.078651615262
-194.079188926993
-194.076115361654
-194.07862869148
-194.076187544946
-194.07216528444
-194.075042154764
-194.075240308134
-194.073632527126
-194.08029499521
-194.081702902271
-194.08224711053
-194.074245337104
-194.082112152646
-194.071816838813
-194.070838288434
-194.074065873433
-194.08023890782
-194.070964504853
-194.075108991702
-194.075275351781
-194.074537694826
-194.065015897772
-194.071746450484
-194.068060906258
-194.075726839274
-194.070181663396
-194.071811019315
-194.076917887423
-194.076127120675
-194.076115545399
-194.078701787152
-194.077000925791
-194.073850079121
-194.069638796647
-194.075731385926
-194.082223297527
-194.074317978006
-194.072617053133
-194.077942934751
-194.07637470884
-194.073819429511
-194.075448749982
-194.072422418879
-194.076287880052
-194.074837106069
-194.073442849322
-194.079033408455
-194.075517787484
-194.080224806107
-194.070568403676
-194.072339654891
-194.073891210238
-194.077013236195
-194.07262633711
-194.076214172117
-194.07850722326
-194.077886584389
-194.078085501336
-194.077990607112
-194.068340201382
-194.075748604528
-194.073233450536
-194.071150072106
-194.070272090003
-194.077827450187
-194.073749939559
-194.07246692703
-194.07046837256
-194.076546055712
-194.071838983799
-194.07419499849
-194.075824281169
-194.072776351157
-194.076721534179
-194.071871910561
-194.071478052342
-194.072076546687
-194.078525211192
-194.068309986014
-194.072706155322
-194.07062933984
-194.079817904537
-194.076520514766
-194.075463945034
-194.071718740911
-194.077320551342
-194.072856080693
-194.077057429819
-194.065297296516
-194.074028720322
-194.071596448999
-194.073933043356
-194.077918548444
-194.077870883272
-194.071183690295
-194.078683180189
-194.074711589871
-194.074851091156
-194.077234648889
-194.076092525167
-194.067855061594
-194.073400511576
-194.075494684226
-194.070187546207
-194.080922874805
-194.079062866014
-194.083099425295
-194.074084794711
-194.079467892415
-194.081340759539
-194.073836338664
-194.075929447969
-194.078314475066
-194.075367559823
-194.080692469334
-194.073121860924
-194.078535981947
-194.069770353608
-194.078231393618
-194.071747997243
-194.072506378458
-194.078081363258
-194.078999993159
-194.075542714327
-194.079475819926
-194.080460026381
-194.070499311264
-194.078689596794
-194.077115099573
-194.070848065078
-194.070288015043
-194.068733415811
-194.073782068902
