-40.44369538
-40.44199575
-40.44072941
-40.43817448
-40.44101744
-40.44033828
-40.44198652
-40.44041478
-40.44061954
-40.4398557
-40.43444468
-40.43793027
-40.43837301
-40.44094912
-40.4399451
-40.44125338
-40.43733806
-40.43677312
-40.43520991
-40.43801446
-40.43715632
-40.43645891
-40.44094436
-40.43903437
-40.44192924
-40.4385111
-40.44103023
-40.43883734
-40.43857183
-40.44025292
-40.43538011
-40.43873893
-40.43868028
-40.44001264
-40.43966352
-40.44052963
-40.43982228
-40.44014448
-40.43824115
-40.43747466
-40.43835763
-40.43552819
-40.43603577
-40.43447169
-40.43854265
-40.43780949
-40.43940436
-40.43881726
-40.43915824
-40.44156632
-40.43865899
-40.43686396
-40.44055452
-40.4405867
-40.43702176
-40.43918193
-40.4376718
-40.43801244
-40.44111035
-40.43925822
-40.44180952
-40.44031579
-40.44183946
-40.43999827
-40.43833906
-40.4413191
-40.43798565
-40.43740713
-40.44103003
-40.44116354
-40.44154662
-40.43647158
-40.43859613
-40.4386355
-40.44048795
-40.43829268
-40.43700665
-40.43711562
-40.43864845
-40.43800027
-40.43910265
-40.4376977
-40.43927766
-40.4389562
-40.44234755
-40.44051633
-40.4411714
-40.44077813
-40.43782767
-40.43480234
-40.43406781
-40.43790806
-40.43317723
-40.43727984
-40.43701374
-40.43611341
-40.43883502
-40.44015917
-40.43970562
-40.44127999
-40.43792287