-115.571470897847
-115.576587278582
-115.573507450085
-115.572358350275
-115.570740328911
-115.571015612266
-115.573786104983
-115.574650059423
-115.572721966094
-115.565752045124
-115.57175948545
-115.572330095582
-115.574750035428
-115.569414524531
-115.57046967419
-115.571463091144
-115.574182414173
-115.567907047997
-115.573588276793
-115.575442057574
-115.567806571223
-115.572458011859
-115.573789777841
-115.576730850723
-115.573497737852
-115.56929063627
-115.56985723859
-115.570870568984
-115.573709807134
-115.575473441977
-115.573068256835
-115.573881595991
-115.573064359805
-115.5743540889
-115.573763257841
-115.573357737637
-115.571964124364
-115.571247396588
-115.572994823995
-115.570502918871
-115.571147448237
-115.573605424604
-115.568505213479
-115.571194413156
-115.57153954015
-115.571514586167
-115.569558088816
-115.568751187848
-115.568815786307
-115.57207732741
-115.57506807738
-115.5744658444
-115.567965520509
-115.567719647622
-115.573490551002
-115.572557937661
-115.575077793489
-115.575022275236
-115.57328537607
-115.573453863196
-115.573226629244
-115.570315947216
-115.573507107046
-115.569341390207
-115.573565098984
-115.569309003989
-115.572501821487
-115.573908436734
-115.568032924038
-115.569445368286
-115.571980464967
-115.574034841272
-115.567529792686
-115.574871758792
-115.567944417129
-115.572332166162
-115.571987503312
-115.575072066477
-115.571812039708
-115.571547053547
-115.571798592712
-115.571907926343
-115.574194761663
-115.57318600476
-115.572050848075
-115.57215127053
-115.573657591317
-115.572965098556
-115.575156597204
-115.574772677208
-115.574483403049
-115.575252356978
-115.574233678811
-115.57369810188
-115.570508960463
-115.57317286563
-115.575332794054
-115.573772449536
-115.574213245808
-115.574759173416
-115.57325648225
-115.57419704165
-115.573158909145
-115.57119063939
-115.568656481881
-115.573251837175
-115.571120117198
-115.57425599042
-115.574945811261
-115.570738362451
-115.570919230412
-115.576672173139
-115.572899632921
-115.568220064397
-115.572269352055
-115.574952527213
-115.571987238409
-115.576427396381
-115.573778779439
-115.569130838106
-115.569675782911
-115.575267612845
-115.575568958431
-115.574067053605
-115.572866029812
-115.570519115634
-115.570182003776
-115.572007832937
-115.566436971127
-115.576000847099
-115.573717099311
-115.567765378107
-115.563727587574
-115.569440301823
-115.570744054199
-115.573987049344
-115.570325037715
-115.573023398572
-115.568868740428
-115.573302690416
-115.575658575277
-115.56955143555
-115.573319256158
-115.570969677625
-115.572192689593
-115.567659005717
-115.57143027461
-115.571807970978
-115.571016596636
-115.573392788626
-115.568720135251
-115.573331166255
-115.573572988438
-115.572472698222
-115.571726516143
-115.575547307336
-115.571026206595
-115.571668433
-115.571132962108
-115.572238913015
-115.574336127841
-115.570482274956
-115.569724292633
-115.56280861167
-115.572454763119
-115.572987139329
-115.571763883182
-115.575187819665
-115.56719953094
-115.574253726118
-115.573869009021
-115.566579629414
-115.564785785588
-115.571396639414
-115.570231200044
-115.575208220615
-115.570862234151
-115.572248107476
-115.573339068378
-115.57102610991
-115.57277689275
-115.573364596021
-115.57012928135
-115.574816762886
-115.567623980835
-115.57224598066
-115.570976237619
-115.569879099095
-115.573082325202
-115.566375509572
-115.566632302417
-115.571160600561
-115.573979807331
-115.571000532033
-115.57191943249
-115.571651691026
-115.571283739158
-115.573445051465
-115.567928093367
-115.569413330105
-115.571889004533
-115.562167476712
-115.576180555324
-115.572929503783
-115.57612913915
-115.57387401403
-115.569960928902
-115.573363898626
-115.572459373674
-115.56974880017
-115.575339931609
-115.573583697512
-115.573045662147
-115.572333895526
-115.570897284192
-115.572128243174
-115.568613991906
-115.571741581707
-115.573351402372
-115.574751677257
-115.571386587369
-115.57264522237
-115.574128773487
-115.571288241924
-115.572740087302
-115.574986599546
-115.571807032508
-115.574347799061
-115.575556065353
-115.572547943507
-115.571633729693
-115.566780245456
-115.569406478093
-115.567219187987
-115.566866188936
-115.572404888493
-115.574521759628
-115.575314598111
-115.572926550069
-115.57230112961
-115.570792717701
-115.57562427317
-115.57451689364
-115.571970511618
-115.574846744507
-115.571349844859
-115.573444739163
-115.57370223959
-115.568850229231
-115.575227547151
-115.574219491427
-115.573064811156
-115.575006841754
-115.572636046243
-115.569958711031
-115.575808364052
-115.573443162822
-115.573743422164
-115.570179254575
-115.569269246018
-115.56822644911
-115.571461408607
-115.57316984758
-115.570683090843
-115.5717978157
-115.572005947486
-115.571595423137
-115.570944444658
-115.571650933341
-115.574497342326
-115.573547429507
-115.57019245643
-115.571782562742
-115.569571331331
-115.574835662544
-115.57018977928
-115.57458220767
-115.574832546043
-115.57617714165
-115.572519494448
-115.571796217237
-115.568784281729
-115.574759216936
-115.573283578366
-115.571370155803
-115.573765120539
-115.571624245555
-115.575362638924
-115.574396356514
-115.573593326773
-115.571672984743
-115.569774299798
-115.572430847229
-115.571894143868
-115.575954808282
-115.574752399849
-115.574533679804
-115.572402601288
-115.573869499315
-115.574126756193
-115.572433009018
-115.568249782941
-115.57040905095
-115.571206640332
-115.571849929595
-115.570374127059
-115.574843657791
-115.572915348285
-115.573331602077
-115.571333358058
-115.575238640421
-115.575632548405
-115.572316267499
-115.574335179018
-115.574289113459
-115.575298512877
-115.567623607858
-115.567850558183
-115.572830538242
-115.574418069505
-115.572032913393
-115.57115453646
-115.574414367628
-115.573403562376
-115.57361425545
-115.570912435172
-115.573631483494
-115.568098380437
-115.572875761681
-115.573544670588
-115.574114542975
-115.575793458412
-115.571460436951
-115.573377539527
-115.574945346074
-115.573797398264
-115.572121428771
-115.574752187588
-115.569524405262
-115.574176297614
-115.570088591389
-115.571675179663
-115.571671658874
-115.575569977042
-115.5731807663
-115.572763141455
-115.571226367564
-115.566917961946
-115.571681888808
-115.567036189267
-115.573668779489
-115.572970987683
-115.574685604827
-115.574512791661
-115.569803991963
-115.565442186306
-115.575028547735
-115.571808380439
-115.573963649224
-115.573503016418
-115.574117486564
-115.573255943351
-115.573772782718
-115.570048148188
-115.566236491856
-115.574909285389
-115.573077748312
-115.573734818383
-115.572706484348
-115.575177978101
-115.573427064348
-115.569650975752
-115.572347330058
-115.574377122842
-115.569756618443
-115.569830085085
-115.56809307504
-115.572685906791
-115.56947831192
-115.570221047871
-115.57117907884
-115.572536962211
-115.569544788262
-115.574293836241
-115.572823527529
-115.571810442069
-115.574161305257
-115.569083288684
-115.568089534182
-115.572200053585
-115.572279720609
-115.572639330926
-115.56567355687
-115.566312734399
-115.569723476118
-115.571131645676
-115.570937413123
-115.570678376212
-115.574211825661
-115.570361534992
-115.572197514408
-115.569992257667
-115.571169127841
-115.569003566859
-115.561940555126
-115.563132623288
-115.574971525623
-115.570860468045
-115.568755673359
-115.56795904247
-115.576078957339
-115.576347413797
-115.567179699147
-115.569783724174
-115.575320120781
-115.573385819096
-115.572326605303
-115.570659853093
-115.56842071166
-115.570551755365
-115.572569919991
-115.573533018542
-115.574957088204
-115.570480549434
-115.567978175107
-115.573220992792
-115.576271533196
-115.575903206233
-115.574282470205
-115.574439353415
-115.574678683076
-115.571530694358
-115.567712882314
-115.573982578197
-115.575362113723
-115.575131758837
-115.572809327619
-115.572482921928
-115.573016374918
-115.571492986352
-115.569703092406
-115.571736617181
-115.574649721964
-115.569912689403
-115.571165584709
-115.5703666651
-115.575946864
-115.57472754545
-115.571593800025
-115.570896013821
-115.573123680255
-115.572693905531
-115.574802300491
-115.573988158318
-115.571964037051
-115.57121155667
-115.572810633746
-115.564614638641
-115.570860879141
-115.565849048732
-115.573255557997
-115.573741895904
-115.573142998278
-115.572709295819
-115.574943807123
-115.574138268228
-115.5740613224
-115.569603759412
-115.569306451483
-115.573773910043
-115.571868330722
-115.57385354892
-115.575524994596
-115.573226047118
-115.573729852198
-115.570336831835
-115.576109028521
-115.569863347454
-115.575431412824
-115.568649019709
-115.573524604356
-115.576272302622
-115.566659054188
-115.574784480122
-115.571522728781
-115.575799423092
-115.570305854549
-115.571847725309
-115.57101894638
-115.56824128628
-115.569064524489
-115.57601740716
-115.573618166264
-115.571567848744
-115.571911801092
-115.571220251689
-115.574971529538
-115.570498532978
-115.571819800132
-115.569838243895
-115.574423117621
-115.574579760813
-115.574379240349
-115.56897046958
-115.569496374998
-115.57438437306
-115.572360721424
-115.573181545853
-115.5713935662
-115.572734812998
-115.574414965966
-115.572460318715
-115.574604660055
-115.574536860903
-115.571557070616
-115.574855289013
-115.571071448681
-115.572218664806
-115.5736879867
-115.566509886979
-115.563937662723
-115.576660443287
-115.574586614834
-115.571477485969
-115.57333985894
-115.57018333588
-115.568163952237
-115.564408506553
-115.571110209507
-115.569961746524
-115.565571509138
-115.574866848961
-115.574908138022
-115.573611035416
-115.574605575622
-115.574690420464
-115.573876403425
-115.561950610906
-115.570613004727
-115.57030165851
-115.570750678775
-115.571340490911
-115.571791486788
-115.573549720839
-115.575477061562
-115.573436119192
-115.5682101772
-115.571782932366
-115.569955916341
-115.568745638042
-115.569270284959
-115.569534627131
-115.569622680296
-115.573349196514
-115.574284162074
-115.573315143587
-115.570319582096
-115.571207758599
-115.571358515483
-115.573029428501
-115.567359832381
-115.566508722382
-115.571868199023
-115.57526876846
-115.574336227768
-115.574918479554
-115.573300831456
-115.573483554421
-115.57103892776
-115.573717964171
-115.574967289169
-115.574522622553
-115.57157758336
-115.575879059192
-115.570011851071
-115.569685886597
-115.568258294075
-115.569063873224
-115.566637205081
-115.568799374317
-115.575972442744
-115.57354326427
-115.575148156368
-115.570032959769
-115.566833903767
-115.570999088704
-115.575049792081
-115.575765171951
-115.575771250136
-115.572229714144
-115.572600732152
-115.568999487124
-115.572049209237
-115.573941267427
-115.571047963498
-115.574612675709
-115.570164171576
-115.570268741612
-115.57478280953
-115.572095143705
-115.57350593146
-115.568221174284
-115.572016430874
-115.568994978689
-115.574997911501
-115.573655354038
-115.572691544365
-115.574907321081
-115.574362716165
-115.570861840263
-115.573381218723
-115.572693999844
-115.573864584115
-115.570302992683
-115.569585715329
-115.573468178364
-115.574196524379
-115.567660318467
-115.570446756541
-115.571746010958
-115.575469009544
-115.573808938136
-115.575972854251
-115.567231808878
-115.571077955879
-115.571158078727
-115.574168171604
-115.573249497628
-115.573459460454
-115.57210602578
-115.564026789351
-115.574148491468
-115.575097895735
-115.569063788388
-115.57370157934
-115.571444939917
-115.575050767363
-115.572502407832
-115.568614680616
-115.571426152994
-115.568013060641
-115.572496052769
-115.571152921521
-115.571958006114
-115.571622580703
-115.569551387251
-115.573725064892
-115.574875590159
-115.573989550845
-115.573557297522
-115.574022783656
-115.567728809242
-115.572187025295
-115.5756509132
-115.575476397138
-115.571939955579
-115.575796589028
-115.575773684503
-115.571187396418
-115.567579447247
-115.57388465929
-115.573587366916
-115.568884977151
-115.571301086241
-115.575423232249
-115.574215906828
-115.57601806546
-115.565903481162
-115.565186277356
-115.573393711758
-115.570717200908
-115.569322220053
-115.575299557828
-115.569989114713
-115.572508233482
-115.572141779458
-115.568517800174
-115.572575678948
-115.562534523728
-115.569858856215
-115.568824460154
-115.573231678799
-115.570033215433
-115.573228766642
-115.572859684246
-115.566686384504
-115.570083220045
-115.572725756423
-115.574715957421
-115.575852205778
-115.571697318917
-115.572656083317
-115.56900120153
-115.56527533266
-115.572999576077
-115.572338076155
-115.574364371122
-115.569352208285
-115.572667080746
-115.566654093502
-115.572162670715
-115.571131474749
-115.573751293529
-115.571869868464
-115.571226509165
-115.571107641656
-115.57199278834
-115.572734547818
-115.568092107177
-115.569005382029
-115.573830065096
-115.57342080661
-115.574839232752
-115.571730727792
-115.573655043595
-115.57164432336
-115.572177674686
-115.572804666634
-115.572220566856
-115.574023624312
-115.56994766482
-115.574614082849
-115.569698956921
-115.564550919023
-115.570954953552
-115.572593190983
-115.568334103749
-115.575605542567
-115.571436142611
-115.569280308167
-115.57409522413
-115.575245167085
-115.572241112695
-115.571673354716
-115.572752244771
-115.57229747616
-115.574636619018
-115.57012968336
-115.571863738231
-115.569958669571
-115.571852755854
-115.571423804135
-115.5742057534
-115.573518457273
-115.571314695101
-115.569798518919
-115.571384398261
-115.570320842682
-115.573778481456
-115.57290819752
-115.573498270329
-115.570728244105
-115.571462834339
-115.570404985611
-115.572370978249
-115.570332165238
-115.569342619203
-115.571419954489
-115.574801114175
-115.576009575682
-115.576555167988
-115.569706207742
-115.569412871699
-115.5743652547
-115.572994772088
-115.574529613875
-115.575756492222
-115.574184518913
-115.573113977215
-115.574751774355
-115.574075909454
-115.567375954535
-115.571235482169
-115.574608721164
-115.571218942533
-115.573419933137
-115.57160206352
-115.569832155302
-115.568828542247
-115.570226735723
-115.567812449564
-115.574465480203
-115.574010142606
-115.576832486486
-115.569748625919
-115.565860743884
-115.572663449832
-115.573159837584
-115.568929466849
-115.575329012941
-115.574168353303
-115.573427486851
-115.569130123669
-115.568736714807
-115.573492452608
-115.575463796879
-115.568405110348
-115.564414680936
-115.574024278831
-115.574712771931
-115.572176170162
-115.568635397713
-115.573555988901
-115.572387719194
-115.569751705825
-115.570824761998
-115.573268043477
-115.575363234696
-115.570391663635
-115.571406528855
-115.57431580055
-115.573470041696
-115.572765998688
-115.569722405914
-115.562457419089
-115.571819682882
-115.567431377443
-115.574720870795
-115.57569851831
-115.57043583526
-115.573226642692
-115.570973983753
-115.567567433995
-115.572224790683
-115.56457238368
-115.573789972854
-115.569836590718
-115.568911914179
-115.569989412554
-115.572812927813
-115.573305559396
-115.571776420039
-115.571559486059
-115.572504838626
-115.57397572033
-115.574351067505
-115.571780039704
-115.571827810893
-115.573383527638
-115.573637055208
-115.57145601752
-115.574280226145
-115.57562012991
-115.574418473689
-115.56811589357
-115.570890912236
-115.562667959254
-115.56653218302
-115.570863328372
-115.569008772383
-115.576363544249
-115.574481093317
-115.57666554255
-115.570198662596
-115.575673573366
-115.575914102169
-115.576034787963
-115.570695511524
-115.572440392247
-115.564705059257
-115.563343832703
-115.573246545083
-115.575693746695
-115.572597564217
-115.563555946555
-115.570920608077
-115.571295497542
-115.573399301287
-115.56639291859
-115.568185014725
-115.576564001568
-115.571206989208
-115.573487734038
-115.569048256008
-115.574776310402
-115.573013804629
-115.569355697266
-115.567718105681
-115.570909026224
-115.572386216585
-115.572268807237
-115.567670649809
-115.569020501979
-115.576734827898
-115.572914447777
-115.572877048222
-115.571413939022
-115.573531034168
-115.572304750598
-115.570530562067
-115.573144198371
-115.575246072677
-115.571835799168
-115.572194032606
-115.57162803231
-115.576394888467
-115.573206924562
-115.570968956578
-115.573204468995
-115.571014676548
-115.57351509962
-115.572891632905
-115.569575953451
-115.576225015146
-115.574382746694
-115.575768263743
-115.574018982553
-115.574025955042
-115.571590531161
-115.571670367121
-115.575020334667
-115.571039404705
-115.571606117861
-115.573090859391
-115.575299017108
-115.57350691083
-115.574723506695
-115.575663256695
-115.567557715903
-115.57448173473
-115.570257808419
-115.575733252413
-115.573661302011
-115.573736763456
-115.572004421395
-115.576039041218
-115.574623784112
-115.573486716743
-115.573001346355
-115.573197429079
-115.572011669792
-115.574038992398
-115.575103302571
-115.57132950452
-115.57267105615
-115.570039617135
-115.575292249513
-115.573329703854
-115.571406821249
-115.569200873019
-115.570795017498
-115.572898677535
-115.566336223213
-115.571131010759
-115.576054279817
-115.573594236975
-115.576793160688
-115.577027883141
-115.57057559662
-115.569311827056
-115.570502596084
-115.570534677518
-115.570345407086
-115.571441783179
-115.573784123213
-115.572955850213
-115.574374420015
-115.573220179264
-115.57238931956
-115.571708876553
-115.56923343852
-115.574105183804
-115.572294204806
-115.573614226124
-115.570688295096
-115.573865464174
-115.571896185168
-115.574475113893
-115.573529160627
-115.572980543613
-115.573224666117
-115.571130316752
-115.572575359206
-115.575599185591
-115.574185976966
-115.570928078061
-115.574856727323
-115.576500256704
-115.573590705577
-115.574041995174
-115.573384239637
-115.573880227907
-115.574109517807
-115.574313314047
-115.575297526987
-115.570393959303
-115.572207382161
-115.572636190007
-115.569782788246
-115.573643093962
-115.571905346588
-115.573224674984
-115.571006972165
-115.573794997483
-115.575988652251
-115.574213574528
-115.573547357468
-115.575617378463
-115.573276648187
-115.572579412271
