-40.43709686
-40.43729219
-40.43378705
-40.43451515
-40.43443023
-40.43446645
-40.43588255
-40.43521589
-40.43559708
-40.43326348
-40.43045316
-40.43008402
-40.43424616
-40.43543856
-40.43316382
-40.43458155
-40.43285605
-40.43004698
-40.43088348
-40.43319813
-40.43000355
-40.43212856
-40.43459295
-40.43489405
-40.43467647
-40.43304303
-40.4350071
-40.43266601
-40.43187812
-40.43497233
-40.43061841
-40.43267836
-40.43261886
-40.43385453
-40.43417159
-40.43417939
-40.43417281
-40.43401474
-40.43194766
-40.43199543
-40.43125894
-40.43227111
-40.42825378
-40.43184246
-40.43130059
-40.43401362
-40.43208831
-40.43532916
-40.4332996
-40.43588171
-40.4337683
-40.43055693
-40.43470105
-40.43582351
-40.43146261
-40.43191675
-40.43213879
-40.43175267
-40.43450281
-40.43442138
-40.43497514
-40.43549388
-40.43624027
-40.43280258
-40.43334483
-40.43534424
-40.43020526
-40.43248612
-40.43572197
-40.43412903
-40.43625002
-40.43172573
-40.43221357
-40.43379203
-40.43478563
-40.43484158
-40.42947827
-40.43424114
-40.43257922
-40.43137478
-40.4346292
-40.43172339
-40.43379839
-40.4337184
-40.4351458
-40.43648995
-40.43608459
-40.43462965
-40.43223846
-40.42907462
-40.42998777
-40.43094164
-40.42926858
-40.43152957
-40.42915611
-40.43276741
-40.43043881
-40.4338938
-40.43550643
-40.43387012
-40.43425745