-194.097201228143
-194.091592448588
-194.096128117927
-194.088987075898
-194.089176399053
-194.097730025169
-194.092772627612
-194.091435717418
-194.095804665298
-194.098731485142
-194.0889295626
-194.097610573569
-194.098323789649
-194.089399708368
-194.095503719125
-194.090062550693
-194.089430241581
-194.090659476431
-194.095884460486
-194.099109023573
-194.091214353135
-194.088006048677
-194.096843658057
-194.09976210349
-194.094522243232
-194.091854003719
-194.096104167448
-194.095937493831
-194.091859636883
-194.092220080539
-194.091546091175
-194.089681209242
-194.087157636124
-194.095663773677
-194.087405155731
-194.091111819875
-194.093737717584
-194.09348553822
-194.098474412127
-194.092770428827
-194.08930415489
-194.089787690267
-194.090158198124
-194.090660447318
-194.09581658064
-194.095391911348
-194.095365246327
-194.096397397456
-194.092127085472
-194.09526968296
-194.093613061434
-194.093800730784
-194.09485864312
-194.097201614971
-194.099695510686
-194.09626246165
-194.092755869804
-194.095177099109
-194.091712085593
-194.095407599773
-194.093828037123
-194.086760388469
-194.092864328295
-194.092717716384
-194.094253022077
-194.086764561389
-194.089740936555
-194.091518489911
-194.084804013909
-194.092457201029
-194.091023310234
-194.090610817884
-194.08688024284
-194.090392011854
-194.094269823928
-194.094591965628
-194.094830590253
-194.08637950569
-194.092614796484
-194.092801875555
-194.09111692913
-194.089508644205
-194.098059299788
-194.091115207242
-194.095452116487
-194.095351186257
-194.093438825651
-194.093602347189
-194.092814026083
-194.093086376151
-194.089262782182
-194.09603437277
-194.09044350236
-194.089518284851
-194.093475636655
-194.094499753201
-194.094276908277
-194.094288915853
-194.095842768684
-194.090491395798
-194.098277308048
-194.099329426245
-194.094535443232
-194.094105101215
-194.093508953216
-194.09516611393
-194.094078218121
-194.096530843383
-194.091968696415
-194.086270338595
-194.085087358025
-194.092786556984
-194.098771897486
-194.090256682391
-194.092904098478
-194.092905545688
-194.095204654606
-194.093198658619
-194.095317415583
-194.0906138979
-194.09345801149
-194.099144894058
-194.087261220248
-194.096050561105
-194.086777780371
-194.095405479787
-194.092942482186
-194.090867529009
-194.079559128485
-194.08648761202
-194.096389674134
-194.09092176065
-194.096344123664
-194.093407752516
-194.090837488804
-194.097913087466
-194.095005856938
-194.09505624859
-194.094156433025
-194.093669584093
-194.099560179663
-194.096801709595
-194.093726244039
-194.091014872328
-194.0887107571
-194.09315560396
-194.092835643158
-194.090807675911
-194.090030582401
-194.091413187086
-194.096713317137
-194.083533820103
-194.094546137365
-194.091742105265
-194.093316588708
-194.096526419752
-194.096734833207
-194.092945269875
-194.095186008504
-194.097788540563
-194.098438866203
-194.094050198565
-194.093652958567
-194.093736729454
-194.091019946414
-194.097787447377
-194.094262229525
-194.093433313041
-194.088735152954
-194.086716065107
-194.091052072105
-194.095629721699
-194.092826818617
-194.08987026634
-194.097545078457
-194.090144077492
-194.086906824368
-194.090289677077
-194.097357258796
-194.093937354423
-194.082298163294
-194.089657208484
-194.092902638883
-194.090610768772
-194.087691872752
-194.09238394727
-194.096102499633
-194.092830207407
-194.098915577748
-194.094559598329
-194.092760923599
-194.095794776679
-194.094928231593
-194.097090197855
-194.093232947489
-194.094195118917
-194.097281088078
-194.08911485127
-194.089575588887
-194.093529651587
-194.090996078728
-194.090477888096
-194.09660489824
-194.095088934041
-194.092029844919
-194.095322128636
-194.092540808844
-194.091322843178
-194.091879963297
-194.090330849831
-194.085491335447
-194.089227330962
-194.093604819973
-194.100065288369
-194.09253760964
-194.0872427371
-194.092207276615
-194.093583164571
-194.089231534494
-194.094784963164
-194.097757038469
-194.090353160866
-194.093950279847
-194.088178250827
-194.088381167427
-194.097886210552
-194.098182314551
-194.091771980586
-194.088803688861
-194.096179511378
-194.092808051394
-194.090391513063
-194.090866379004
-194.096459890442
-194.090143192813
-194.097026594321
-194.094352125052
-194.095259215701
-194.092050931169
-194.087077845811
-194.092917148121
-194.090345547013
-194.087747385675
-194.093402530794
-194.095890776974
-194.096605780987
-194.089290645841
-194.092017049211
-194.096980892567
-194.086995018114
-194.084095952989
-194.090999330714
-194.088855480045
-194.090630383141
-194.09214781658
-194.091687572811
-194.090955209
-194.095145616518
-194.097818950705
-194.095603503193
-194.09654001126
-194.094954382265
-194.088134812225
-194.093910885629
-194.092905284866
-194.096150273356
-194.097895434651
-194.093260612387
-194.093460696817
-194.089510443391
-194.093592586079
-194.094067486181
-194.084868989382
-194.096766813638
-194.094284247856
-194.090480644334
-194.094530754
-194.094705660564
-194.089994156147
-194.098690271192
-194.095794029221
-194.099610396938
-194.090366852233
-194.095692771685
-194.094156620439
-194.091175933128
-194.095061979073
-194.097135047459
-194.098076574401
-194.091530774692
-194.09128900957
-194.088069899065
-194.080595642271
-194.093742527891
-194.090556470779
-194.082757656019
-194.090300764589
-194.08959323338
-194.089583836758
-194.089555214536
-194.095069321069
-194.09210271158
-194.0956983929
-194.092307160379
-194.096221483832
-194.09691747777
-194.097699372098
-194.096447059662
-194.093651176177
-194.087950864684
-194.082951710497
-194.089471988497
-194.093342842028
-194.095594604485
-194.086528688851
-194.089461632982
-194.091876470891
-194.088658951164
-194.094475406255
-194.089370179176
-194.087953187896
-194.088367907951
-194.097945727177
-194.097782901714
-194.092982246753
-194.093092647166
-194.091382066074
-194.088116601095
-194.095635656677
-194.093844025118
-194.097869526082
-194.091269696178
-194.091241350491
-194.09076470686
-194.095874068714
-194.0935478848
-194.08999968211
-194.092917054314
-194.095855070583
-194.093980998819
-194.094546731089
-194.088443353759
-194.093547645451
-194.093028434055
-194.092449489363
-194.089751454764
-194.090030754591
-194.090636341196
-194.09425612957
-194.094820419721
-194.086487343118
-194.091923675529
-194.090445955836
-194.098576156116
-194.095881607809
-194.096700755726
-194.093810141595
-194.092502705391
-194.092188492269
-194.091429391106
-194.083303284615
-194.091506042269
-194.098044477895
-194.097324638945
-194.096130388459
-194.095228339878
-194.093219036033
-194.095672274962
-194.093228688811
-194.094042759366
-194.093808460681
-194.09382627041
-194.09711124588
-194.095531591875
-194.089840180538
-194.094431419447
-194.094068307613
-194.094535826779
-194.086844297779
-194.092373695407
-194.091098212321
-194.094776576015
-194.09593400257
-194.093454918587
-194.091192750741
-194.086364173656
-194.095200871105
-194.094209858389
-194.092871223197
-194.086796204771
-194.090999551446
-194.096137903319
-194.090930019909
-194.095963198409
-194.095503972269
-194.094386078181
-194.094002137424
-194.090584864674
-194.093977630681
-194.089943586238
-194.09068004788
-194.092030952795
-194.088576639371
-194.095189774148
-194.094534605647
-194.092359171379
-194.090276075758
-194.093975700113
-194.096390048196
-194.083700270252
-194.097824773697
-194.086383218626
-194.098100553805
-194.093419766741
-194.088126470731
-194.094713301449
-194.085632860267
-194.086376300449
-194.086772729333
-194.08808764817
-194.085833943401
-194.08954355111
-194.084435808371
-194.087533461726
-194.090187627939
-194.091454720765
-194.09807293052
-194.0960756393
-194.09296628315
-194.092907722846
-194.093359295819
-194.096506596975
-194.091860207331
-194.09157050947
-194.089685894171
-194.090024563251
-194.087127811881
-194.090839428589
-194.087586523068
-194.093748838319
-194.095463984881
-194.087035488363
-194.091955351601
-194.090095098949
-194.088995900796
-194.094887618674
-194.09866307653
-194.098503391439
-194.091401100499
-194.092922999913
-194.086766981152
-194.098362593762
-194.091214908022
-194.091783853589
-194.089351147869
-194.095725360467
-194.097246037389
-194.090691870451
-194.099114821854
-194.095099110496
-194.088184605751
-194.078469228858
-194.096481113071
-194.096059390178
-194.088289763626
-194.094997339406
-194.092478757171
-194.096030982653
-194.090876692867
-194.092761758712
-194.093241805887
-194.090282825678
-194.088160384821
-194.093906704581
-194.098430650271
-194.099652860232
-194.090299501974
-194.086734067744
-194.097784775967
-194.095668081643
-194.097393257749
-194.089830578561
-194.086644909959
-194.090807982812
-194.084759970905
-194.086654528608
-194.09065234454
-194.089531501942
-194.093523629464
-194.092090552294
-194.086817301754
-194.09319101538
-194.096517492923
-194.099021084413
-194.092373596371
-194.086074393078
-194.09403724627
-194.090099591072
-194.092761967648
-194.094539156118
-194.09725289147
-194.094273262617
-194.089201989948
-194.091774317932
-194.088882573375
-194.08636123741
-194.096337813886
-194.090407148781
-194.092654202388
-194.096960083307
-194.084744563561
-194.092942501092
-194.094486289076
-194.089910702466
-194.090371378096
-194.09257785333
-194.093674501876
-194.098316912559
-194.089494534135
-194.086671162593
-194.086266803083
-194.09409250552
-194.091801268914
-194.09852613187
-194.096728690816
-194.090365235
-194.092063485157
-194.080154618157
-194.091682063114
-194.093918526753
-194.095994756421
-194.089005816816
-194.092250057577
-194.085350692911
-194.093509908317
-194.091251413332
-194.089832404431
-194.096507130792
-194.094993492013
-194.095759938494
-194.097629046695
-194.091959877491
-194.093575611825
-194.092152403088
-194.101830964601
-194.090277166577
-194.096415033197
-194.093049529841
-194.091796675551
-194.091593251398
-194.092639278675
-194.094005710596
-194.08874510216
-194.08957410488
-194.089156794516
-194.091772539645
-194.094571010637
-194.092044693129
-194.09062439685
-194.095920559135
-194.091558823031
-194.09200860742
-194.089107980028
-194.092551003334
-194.091745068362
-194.090177719503
-194.089062755847
-194.095796955175
-194.094678202659
-194.100112944814
-194.094865240709
-194.083329582048
-194.087512510837
-194.09611499803
-194.099811944428
-194.087925836775
-194.095053543665
-194.094747926665
-194.098986473639
-194.092148758555
-194.089543070195
-194.087313726576
-194.098380885891
-194.089215146638
-194.094483853751
-194.097627782505
-194.097183266183
-194.095978789027
-194.097984789683
-194.080411583685
-194.090884089553
-194.094410989513
-194.088092545765
-194.092779875177
-194.094586042446
-194.095292526315
-194.093352555642
-194.08864010281
-194.096719812699
-194.09315272247
-194.090927376173
-194.093689892021
-194.09521265047
-194.097536232693
-194.094333338579
-194.092653427073
-194.096599683189
-194.099223812397
-194.097344764946
-194.093413488815
-194.098859264739
-194.09342298973
-194.085083303529
-194.096100138353
-194.096176821785
-194.084181416148
-194.085312570221
-194.088239124204
-194.091892363731
-194.090176377023
-194.095459607935
-194.084474289741
-194.090882786205
-194.085245336177
-194.090110189282
-194.096965189007
-194.091654997463
-194.091674149683
-194.098627094368
-194.092596886239
-194.091721835126
-194.09319102042
-194.090682453649
-194.096455861667
-194.089713473179
-194.094559107107
-194.094957609943
-194.091235244611
-194.091844622815
-194.094883448216
-194.09035897701
-194.093601194569
-194.089781644068
-194.0976716052
-194.09643903029
-194.096535298428
-194.094556782912
-194.083323212932
-194.090867058308
-194.092873700738
-194.096863617087
-194.093068311952
-194.09570540575
-194.094289972438
-194.094336682534
-194.092852648239
-194.09531700669
-194.086590305921
-194.088955933818
-194.088434382925
-194.091751474015
-194.094887501867
-194.092618337693
-194.092978196244
-194.086357208815
-194.086901185854
-194.098011657914
-194.09721774073
-194.096668459613
-194.097446666476
-194.095937946387
-194.090972093503
-194.095902811134
-194.097032905346
-194.093835113825
-194.09604203371
-194.093713588809
-194.095410263013
-194.094293039831
-194.094325882401
-194.095648884581
-194.095223630251
-194.089576697398
-194.093264436541
-194.097354988443
-194.092455841409
-194.095198623991
-194.093651889628
-194.088475384652
-194.091001826927
-194.094836128448
-194.082396378586
-194.090957309997
-194.084879559737
-194.092175617421
-194.092322702206
-194.089475211343
-194.095948889326
-194.09548023181
-194.098127493235
-194.091411000844
-194.095154991068
-194.090416817784
-194.095441835138
-194.098423661272
-194.095566068404
-194.094273215404
-194.089057085439
-194.088288829587
-194.08570694929
-194.092819785254
-194.092822030635
-194.092409008255
-194.093142800125
-194.09562739976
-194.096734252494
-194.091420012365
-194.098959338046
-194.093880080788
-194.095987947331
-194.09220383153
-194.092509943977
-194.083804371381
-194.089601905609
-194.087530709991
-194.092607813283
-194.093699304045
-194.090491754176
-194.091289406977
-194.093928440728
-194.092124243931
-194.09723528851
-194.091982786969
-194.093050068498
-194.091331931632
-194.081438980454
-194.094725637629
-194.095893123311
-194.098251941111
-194.085901275713
-194.098265525727
-194.090617183917
-194.089263470597
-194.090704092648
-194.097620874341
-194.090078494246
-194.093929863982
-194.091965589943
-194.094467562212
-194.092226550615
-194.08604299247
-194.088652796569
-194.076429492084
-194.087042228361
-194.092500172979
-194.096336951148
-194.0978001308
-194.090677966293
-194.0961439775
-194.093464182878
-194.096863044873
-194.090546409218
-194.088365243357
-194.097529723265
-194.09695633316
-194.09767688611
-194.095687208236
-194.096957440106
-194.092119041636
-194.084313118472
-194.093954756165
-194.097810604564
-194.094538011274
-194.096276369923
-194.094415233159
-194.094489312802
-194.09185671907
-194.096868852595
-194.095743451766
-194.091112575297
-194.096308966446
-194.096310911572
-194.09118066739
-194.091122954548
-194.095460674007
-194.090313393638
-194.087404016744
-194.088360884172
-194.088791729093
-194.096045688123
-194.088171214207
-194.089493392372
-194.097211817271
-194.098777570537
-194.094022437851
-194.097577537367
-194.096321000643
-194.097397661681
-194.093901452046
-194.093079073439
-194.092737619455
-194.095533836926
-194.091753498271
-194.098406406988
-194.095878314612
-194.095155675822
-194.088979126902
-194.097356420457
-194.090063951291
-194.090786815254
-194.092301099299
-194.09121095786
-194.091836510703
-194.09411419881
-194.096800545188
-194.093906682769
-194.095176422072
-194.097616494091
-194.095526872123
-194.098453742961
-194.092582358345
-194.093943377371
-194.093470374486
-194.095229423762
-194.098122475656
-194.096298357377
-194.09567936606
-194.093970518972
-194.096953596717
-194.091168570231
-194.086972862332
-194.088768649767
-194.093296665085
-194.088366363517
-194.08611783113
-194.092323234542
-194.091795093312
-194.092761463509
-194.091598303773
-194.096248086383
-194.094432671912
-194.093722335892
-194.093998182725
-194.095282422888
-194.090371957677
-194.095719877048
-194.086624021562
-194.085730435427
-194.093356256014
-194.090768819671
-194.086237438245
-194.088320545422
-194.089492623355
-194.093919468905
-194.088908020256
-194.095376262844
-194.095675173364
-194.093915350296
-194.093861808281
-194.097985866875
-194.093884053799
-194.0922251293
-194.091241951463
-194.08678928037
-194.094744928576
-194.086812037446
-194.094099403919
-194.092226037797
-194.095617576211
-194.097928846355
-194.094871790102
-194.098370307461
-194.092899408642
-194.090529493071
-194.095114852682
-194.090562207782
-194.08706642231
-194.096837380465
-194.088143768041
-194.094694509952
-194.096997487378
-194.090088790672
-194.093443350871
-194.090408123961
-194.09738953543
-194.082907574933
-194.086771386784
-194.091771617833
-194.093897443554
-194.093183850681
-194.092856078318
-194.096194098764
-194.098206321985
-194.100077843208
-194.096136395495
-194.094416014887
-194.093038252811
-194.091508559435
-194.088772817875
-194.082770802864
-194.091401013695
-194.087568379118
-194.083423887839
-194.088707537549
-194.092576689576
-194.09809048758
-194.099336564896
-194.092649582871
-194.094817195581
-194.097041212094
-194.093246905321
-194.093429241665
-194.090215302273
-194.098824505615
-194.096179759403
-194.096299748488
-194.092753140035
-194.091806916777
-194.098844259152
-194.086700177462
-194.090793282501
-194.092644667174
-194.096150475575
-194.096925342956
-194.091318899443
-194.092547272987
-194.085939585397
-194.09455897726
-194.088402234726
-194.09062998633
-194.097748312723
-194.087258150237
-194.089525010681
-194.092211152081
-194.094849298677
-194.087207584346
-194.09354295008
-194.093846096906
-194.09325465226
-194.09317553615
-194.093535690124
-194.09250158809
-194.094304639539
-194.087677498623
-194.097737499591
-194.095028966948
-194.092207638545
-194.093378076531
-194.096274066279
-194.091957820847
-194.094654668277
-194.091880347416
-194.086233161001
-194.092835585885
-194.090912106664
-194.092797617946
-194.089440750381
-194.095468979468
-194.092183683672
-194.099339382276
-194.094436068398
-194.087698035764
-194.094513411525
-194.098629632566
-194.092064665763
-194.079572595102
-194.09020350221
-194.096503234636
-194.094836444517
-194.080744527111
-194.091549152337
-194.096315146987
-194.095837053958
-194.096720852922
-194.092298041416
-194.098707330114
-194.094674029269
-194.096255344595
-194.095495232299
-194.085574667151
-194.091914761212
-194.092096330876
-194.09174538032
-194.100105071513
-194.093030957608
-194.09333060387
-194.091262666541
-194.094946229282
-194.09564808849
-194.09300102558
-194.087039029088
-194.094389491249
-194.093729003559
-194.094409852299
-194.081883232935
-194.091904609504
-194.09160909192
-194.093281494581
-194.093963838331
-194.094469956572
