-117.6817924325248
-117.67529314606753
-117.67124489416304
-117.67036481622446
-117.67475281168942
-117.67595317213534
-117.67028377860392
-117.66870060212837
-117.66545632356893
-117.67357193889053
-117.67256346052106
-117.67069532834881
-117.66493623474275
-117.67190449664835
-117.67387189072592
-117.67559763482329
-117.67122916067254
-117.66664233353865
-117.67380642903635
-117.67163047928271
-117.67695834443887
-117.66745025611242
-117.66994480664526
-117.67348981719485
-117.67472955453239
-117.67646762489716
-117.67049237117057
-117.66982455423897
-117.67298599511757
-117.67558970159388
-117.67195113433388
-117.66877450191822
-117.663679931477
-117.6706009565937
-117.67391650138214
-117.67538031121255
-117.66745320673422
-117.66781220799211
-117.67374258855025
-117.67640225191887
-117.67621806506864
-117.66853234126344
-117.67424694599801
-117.67369910313289
-117.67809674116378
-117.67567937852907
-117.66673206327016
-117.66479266531343
-117.671345789563
-117.67540523896561
-117.67522210662963
-117.66441223805741
-117.66335849837445
-117.672626558782
-117.67451184145328
-117.67312576050166
-117.67083120332244
-117.67095420800007
-117.66730277587959
-117.67270688370094
-117.67058240646895
-117.67313509497974
-117.66725349592903
-117.67384409749077
-117.6698553931134
-117.66864898158863
-117.66926359740262
-117.67012815992516
-117.67174641090146
-117.67403202715234
-117.67123599672112
-117.66774418748373
-117.66102429261431
-117.67187757041518
-117.67540160261859
-117.67334031893583
-117.67160631093898
-117.66361929800013
-117.66646550123706
-117.67116030338427
-117.67423239236344
-117.67352633004474
-117.66867794679561
-117.66312714783328
-117.67300305063712
-117.67181440038317
-117.67454772734422
-117.66943591857392
-117.66927933776887
-117.66868700553637
-117.67009115612328
-117.67376352105386
-117.66996390246926
-117.66532884337715
-117.6666426589447
-117.67258993162392
-117.66986301212675
-117.66776992990106
-117.66566319206662
-117.67412281673657