-118.9116906
-118.8970132
-118.8965527
-118.8910406
-118.8874458
-118.8906535
-118.8923773
-118.9008125
-118.8941474
-118.9017526
-118.8891506
-118.889672
-118.8919904
-118.8929908
-118.8959548
-118.8943458
-118.8929965
-118.8883254
-118.8993937
-118.890138
-118.9016279
-118.8944241
-118.8958001
-118.8962472
-118.8974561
-118.8957374
-118.8930418
-118.9025451
-118.8951342
-118.9045644
-118.8962623
-118.9020814
-118.9002942
-118.8962809
-118.9001312
-118.8941633
-118.8997185
-118.8959689
-118.8968971
-118.898198
-118.90031
-118.9032858
-118.8947012
-118.9011634
-118.8950487
-118.8926437
-118.8974488
-118.8982037
-118.8990636
-118.8978669
-118.8931739
-118.8921863
-118.8928559
-118.8944947
-118.8931583
-118.900346
-118.9027353
-118.9009538
-118.8978546
-118.8986481
-118.8941098
-118.8911815
-118.8964123
-118.8990349
-118.897371
-118.8973707
-118.893366
-118.8919984
-118.8990127
-118.8912887
-118.896834
-118.8969525
-118.9030856
-118.8959958
-118.8937348
-118.8971221
-118.893501
-118.8908041
-118.8901179
-118.9004541
-118.8884509
-118.8944053
-118.8933203
-118.8884175
-118.890033
-118.8893629
-118.8964367
-118.8887058
-118.8941955
-118.8944709
-118.8964764
-118.8973459
-118.8969038
-118.901207
-118.8943495
-118.9023177
-118.8932475
-118.899771
-118.9000965
-118.8971782
-118.89754
-118.8935963
-118.9007854
-118.8919319
-118.8990217
-118.9004955
-118.902162
-118.8985277
-118.8978455
-118.8966817
-118.892845
-118.9000862
-118.8933915
-118.9002439
-118.8993115
-118.899615
-118.8945713
-118.8964536
-118.8957296
-118.8981957
-118.9026814
-118.9014913
-118.8998011
-118.8959156
-118.8953487
-118.8961098
-118.8976642
-118.8991807
-118.9029991
-118.9009603
-118.9046051
-118.8967064
-118.8917174
-118.8964015
-118.8923059
-118.8999936
-118.8977353
-118.9009046
-118.9061696
-118.9002533
-118.9061368
-118.8988365
-118.9011701
-118.8990072
-118.9005845
-118.8991944
-118.8984605
-118.8996424
-118.899979
-118.8997661
-118.8968441
-118.9026469
-118.8950186
-118.8946037
-118.9022318
-118.8977602
-118.9000201
-118.9039667
-118.8984497
-118.9005442
-118.8981746
-118.9008274
-118.8977427
-118.8975788
-118.9019561
-118.8949931
-118.8992956
-118.9025323
-118.8996952
-118.9034664
-118.9016143
-118.8996181
-118.9040398
-118.9015135
-118.9027254
-118.9000307
-118.8993166
-118.9023987
-118.9018528
-118.8954887
-118.9025964
-118.8992507
-118.8979836
-118.8993955
-118.8975213
-118.898964
-118.8956578
-118.898068
-118.9000003
-118.894423
-118.8981141
-118.89445
-118.8922162
-118.8952775
-118.8929017
-118.8931969
-118.8982055
-118.896002
-118.8957182
-118.8898318
-118.89148
-118.8952329
-118.8903015
-118.8934561
-118.8942101
-118.8893023
-118.8887775
-118.8875217
-118.8827184
-118.8893433
-118.8935319
-118.8926137
-118.8963269
-118.9011859
-118.8986372
-118.8965457
-118.894099
-118.8922865
-118.8978832
-118.8950794
-118.8990729
-118.898641
-118.8996814
-118.9023295
-118.8979588
-118.8985024
-118.8999104
-118.8929675
-118.8980655
-118.9009726
-118.9017599
-118.905944
-118.9049243
-118.9051422
-118.896916
-118.9014366
-118.89847
-118.9015633
-118.9034938
-118.9034578
-118.9040308
-118.9026144
-118.9035554
-118.8954464
-118.9009682
-118.9021656
-118.9054116
-118.9060329
-118.9041319
-118.9074715
-118.8998771
-118.9013845
-118.9010688
-118.9032843
-118.9040776
-118.9062144
-118.9011953
-118.9030347
-118.9003277
-118.8976313
-118.9037082
-118.900409
-118.903711
-118.906753
-118.9008835
-118.8988706
-118.9023312
-118.8985682
-118.9005498
-118.904738
-118.8991631
-118.9044419
-118.9021186
-118.9006666
-118.9022944
-118.8998548
-118.8981893
-118.9005306
-118.9028869
-118.9041634
-118.9013164
-118.9075406
-118.9023774
-118.9042627
-118.9037941
-118.9008997
-118.9060905
-118.8953027
-118.9033772
-118.9007455
-118.9028966
-118.90054
-118.8984564
-118.9022895
-118.8973561
-118.9004881
-118.8952926
-118.8982667
-118.900382
-118.8993451
-118.9028035
-118.9019523
-118.9001899
-118.9070616
-118.899205
-118.8999449
-118.9025681
-118.8964738
-118.8997052
-118.8979361
-118.9020936
-118.8958942
-118.9015327
-118.8978588
-118.8946306
-118.9049967
-118.8966113
-118.90138
-118.9039885
-118.8976845
-118.9008622
-118.9068724
-118.9029159
-118.9022251
-118.9065061
-118.9007749
-118.8992504
-118.9015178
-118.8962436
-118.902234
-118.8988942
-118.8962915
-118.8990105
-118.9020282
-118.8929298
-118.898298
-118.8984648
-118.8924349
-118.9065421
-118.8923002
-118.9008614
-118.9001584
-118.8890376
-118.8963778
-118.8974319
-118.8992352
-118.8938728
-118.906201
-118.8947816
-118.9033946
-118.898625
-118.8955666
-118.9027747
-118.9003693
-118.9018677
-118.9034318
-118.9015623
-118.8975237
-118.900494
-118.8915671
-118.8978112
-118.9031774
-118.8964478
-118.8999809
-118.8981947
-118.9014388
-118.8930203
-118.8947176
-118.8991709
-118.9024311
-118.8978492
-118.9034427
-118.9046164
-118.8973351
-118.8977365
-118.8990015
-118.9030718
-118.8993292
-118.9055697
-118.9013431
-118.9031146
-118.8994754
-118.8979951
-118.9002078
-118.9019454
-118.9013522
-118.899736
-118.907157
-118.9037226
-118.9055474
-118.898527
-118.8997265
-118.9011227
-118.8955654
-118.9029397
-118.9009107
-118.904985
-118.8950048
-118.8980778
-118.8957751
-118.8950937
-118.8914594
-118.8945537
-118.9001966
-118.8964674
-118.8993027
-118.899082
-118.902036
-118.8987706
-118.9023071
-118.8977797
-118.9028693
-118.8965562
-118.9010575
-118.9002905
-118.8988663
-118.9024649
-118.8976032
-118.8985487
-118.8937504
-118.8954094
-118.8971257
-118.8959855
-118.8978525
-118.8988879
-118.9010218
-118.8998133
-118.8983311
-118.8964587
-118.9041398
-118.8990525
-118.9036505
-118.8960438
-118.9002609
-118.9009686
-118.9011227
-118.9016585
-118.9004247
-118.9043108
-118.899825
-118.9026194
-118.8963549
-118.9013577
-118.9014576
-118.9039733
-118.9015898
-118.8997554
-118.9035204
-118.8985173
-118.8965331
-118.8967405
-118.9028152
-118.9001634
-118.9062411
-118.9001482
-118.9002076
-118.8984525
-118.8993969
-118.898724
-118.8992207
-118.906807
-118.8998421
-118.9020212
-118.8936367
-118.8901639
-118.890242
-118.8977301
-118.9020495
-118.8980668
-118.9027942
-118.8953367
-118.8973018
-118.8980741
-118.9024269
-118.8962208
-118.9033809
-118.9034609
-118.8990465
-118.8959849
-118.8965998
-118.8985497
-118.8989299
-118.9031064
-118.9025016
-118.90293
-118.8984869
-118.9001925
-118.8988402
-118.9034924
-118.9044291
-118.9019201
-118.9015883
-118.8981767
-118.8977962
-118.899207
-118.8986823
-118.9031331
-118.8997665
-118.8988485
-118.9061151
-118.9002285
-118.9036172
-118.8983673
-118.9009878
-118.9030027
-118.9008721
-118.9043147
-118.8997257
-118.903492
-118.902327
-118.901001
-118.9011016
-118.901684
-118.9019971
-118.901038
-118.9022643
-118.9034755
-118.9020012
-118.8998156
-118.9035467
-118.900668
-118.9023659
-118.8990224
-118.9010721
-118.9046733
-118.8992667
-118.9048106
-118.9003941
-118.9014732
-118.8989228
-118.9026545
-118.904065
-118.9045804
-118.9066981
-118.9026976
-118.9052886
-118.8993931
-118.8993294
-118.9035056
-118.9016541
-118.9006544
-118.9019893
-118.9024722
-118.904156
-118.8989213
-118.9020519
-118.9007262
-118.8997882
-118.898179
-118.90055
-118.9006886
-118.9015006
-118.9017053
-118.8995073
-118.8992833
-118.8993037
-118.903163
-118.9028448
-118.8983541
-118.8998898
-118.9018382
-118.8942443
-118.9013199
-118.8956484
-118.8925353
-118.9008691
-118.8949433
-118.898323
-118.899609
-118.9022809
-118.8980528
-118.8945503
-118.9009129
-118.8917636
-118.8996285
-118.8953072
-118.897621
-118.8939014
-118.895759
-118.9016836
-118.8940254
-118.901634
-118.8981227
-118.8983367
-118.9005594
-118.9011816
-118.8988736
-118.8990195
-118.8953415
-118.8976322
-118.8955263
-118.9020417
-118.8976226
-118.9009549
-118.8996262
-118.9047382
-118.9001307
-118.9010251
-118.9027808
-118.8990068
-118.8989014
-118.8975449
-118.9000977
-118.8992388
-118.8972728
-118.8999473
-118.9009455
-118.8966535
-118.9024098
-118.9038864
-118.8974767
-118.8982188
-118.8972511
-118.9010706
-118.8952456
-118.9007341
-118.8964473
-118.8977955
-118.8971374
-118.8934698
-118.8953064
-118.8954484
-118.9003013
-118.8983278
-118.9051187
-118.8975615
-118.9034696
-118.9007785
-118.8990945
-118.8979587
-118.8942727
-118.8984666
-118.8930346
-118.903883
-118.897002
-118.9013061
-118.8978839
-118.8987649
-118.9010307
-118.8974973
-118.8997227
-118.9026237
-118.8982791
-118.894844
-118.8985478
-118.8999686
-118.8987598
-118.9042436
-118.9028435
-118.9020424
-118.8967763
-118.9014941
-118.9045326
-118.9003649
-118.8997183
-118.9025487
-118.9029536
-118.9008093
-118.9015896
-118.9032529
-118.9003596
-118.9003606
-118.9068262
-118.90658
-118.8996235
-118.9073696
-118.9048109
-118.9023632
-118.9027017
-118.8993211
-118.906618
-118.9019629
-118.9008084
-118.9037726
-118.8998129
-118.9017145
-118.9006747
-118.9006125
-118.9064697
-118.9013275
-118.9056032
-118.9044074
-118.9002566
-118.9031118
-118.8982548
-118.9014907
-118.9023071
-118.8992786
-118.9020612
-118.898885
-118.9009808
-118.902064
-118.9007171
-118.9037352
-118.9061248
-118.8990991
-118.8986497
-118.8964416
-118.8922397
-118.8918136
-118.8888228
-118.9003203
-118.8929241
-118.8978317
-118.8927831
-118.8920605
-118.8915581
-118.8868783
-118.8891835
-118.8882733
-118.8973089
-118.8869691
-118.8926437
-118.8922587
-118.8884399
-118.8922821
-118.8860068
-118.8976453
-118.8950241
-118.9019736
-118.8974586
-118.8896318
-118.893724
-118.8893731
-118.8877435
-118.8918495
-118.8953046
-118.8932594
-118.891273
-118.8949444
-118.8854659
-118.8881166
-118.8820683
-118.8939013
-118.8954183
-118.8991494
-118.900699
-118.8954181
-118.8982235
-118.8895622
-118.8919743
-118.8937421
-118.9017601
-118.9026448
-118.9023188
-118.9034394
-118.8976338
-118.8986629
-118.8928908
-118.8995705
-118.8974085
-118.9024328
-118.9033405
-118.900287
-118.904856
-118.8979686
-118.8987307
-118.8945757
-118.9014494
-118.8979491
-118.9022801
-118.8983592
-118.8985803
-118.9003223
-118.8975791
-118.9031228
-118.8954763
-118.8997468
-118.8983515
-118.896724
-118.8973039
-118.8963116
-118.9046027
-118.904087
-118.9064921
-118.9018393
-118.897702
-118.8949659
-118.897326
-118.8977381
-118.8973258
-118.8969487
-118.8955911
-118.8986392
-118.8936485
-118.8978398
-118.8916448
-118.8993251
-118.902574
-118.8989811
-118.8999084
-118.895992
-118.8972726
-118.8886584
-118.8953465
-118.8882869
-118.8954907
-118.8943457
-118.8935615
-118.8977525
-118.8928958
-118.901279
-118.8997897
-118.8991515
-118.8959382
-118.9003681
-118.9025446
-118.8999009
-118.901179
-118.9001484
-118.8996955
-118.8952506
-118.8984617
-118.8978237
-118.9017037
-118.8993123
-118.8990122
-118.9024969
-118.8961276
-118.9005475
-118.8966731
-118.895769
-118.9001605
-118.8951214
-118.897294
-118.8966748
-118.9023739
-118.9001357
-118.8952199
-118.8997745
-118.8965973
-118.9001147
-118.8919143
-118.8983657
-118.8941185
-118.8955906
-118.8980276
-118.8939949
-118.9033575
-118.8951427
-118.9012527
-118.895323
-118.8977837
-118.8979264
-118.9027888
-118.9016266
-118.9005949
-118.902516
-118.9030202
-118.9062315
-118.9024458
-118.9034955
-118.9007595
-118.8980896
-118.900793
-118.9006762
-118.905928
-118.9013388
-118.9027079
-118.9039588
-118.8976466
-118.8967096
-118.8975905
-118.9043052
-118.9017514
-118.900995
-118.9028404
-118.9011519
-118.8986395
-118.8940205
-118.8980506
-118.8977499
-118.905845
-118.8964322
-118.8982492
-118.8941451
-118.8898357
-118.8934679
-118.8952499
-118.8972329
-118.9020646
-118.8932654
-118.893059
-118.8933843
-118.8930248
-118.8892629
-118.8992234
-118.8944601
-118.8901482
-118.8876444
-118.8908985
-118.889234
-118.8840498
-118.8918125
-118.8894804
-118.8960864
-118.8904252
-118.8925619
-118.8939276
-118.8923529
-118.8946474
-118.8969279
-118.8946642
-118.9011839
-118.8991676
-118.895048
-118.8932417
-118.8955964
-118.8935704
-118.8958791
-118.9008262
-118.8956797
-118.8950618
-118.8956605
-118.8957058
-118.9002343
-118.8929404
-118.9006654
-118.898035
-118.8979687
-118.8980267
-118.8980602
-118.9053321
-118.8950083
-118.9044233
-118.8962227
-118.899944
-118.8966006
-118.9021283
-118.9067108
-118.9010758
-118.9048154
-118.8955653
-118.8979394
-118.8897143
-118.8976412
-118.8953242
-118.9030218
-118.9017808
-118.8987053
-118.8990791
-118.8900125
-118.8962784
-118.8908243
-118.8962394
-118.8940289
-118.9007197
-118.9019456
-118.898782
-118.8997655
-118.8935374
-118.8989097
-118.8972212
-118.8948827
-118.8975232
-118.8972812
-118.8983607
-118.8989318
-118.8947948
-118.8966756
-118.8998121
-118.9011601
-118.9003992
-118.9017085
-118.9006165
-118.8999479
-118.8968088
-118.8967953
-118.8929164
-118.8980735
-118.8961147
-118.9009125
-118.9008372
-118.9022415
-118.9034258
-118.8969294
-118.9014375
-118.8947008
-118.9010258
-118.8992414
-118.9004694
-118.9057746
-118.9001905
-118.9023416
-118.8967553
-118.8977885
-118.8993118
-118.8974407
-118.9014782
-118.8937654
-118.899972
-118.8998942
-118.8988475
-118.8990373
-118.8955861
-118.8985838
-118.9005944
-118.8977688
-118.8999921
-118.8955412