-118.9563195
-118.9411547
-118.9408645
-118.9346211
-118.9310048
-118.934216
-118.9356156
-118.9435214
-118.9396368
-118.9444341
-118.9351527
-118.9324443
-118.9367857
-118.9364563
-118.9377307
-118.9394835
-118.933497
-118.9376219
-118.9401963
-118.9355506
-118.9437681
-118.9396446
-118.9389125
-118.9404349
-118.9410595
-118.9391025
-118.9385189
-118.9453383
-118.9401022
-118.945371
-118.942897
-118.9437939
-118.9449887
-118.9394989
-118.9450398
-118.9397227
-118.9416486
-118.9414787
-118.93723
-118.9445718
-118.9427046
-118.9483941
-118.9377558
-118.9449431
-118.9396792
-118.9349222
-118.9424308
-118.9402335
-118.944855
-118.9408356
-118.9375147
-118.9351532
-118.935461
-118.9380611
-118.9351642
-118.9445863
-118.947298
-118.9455683
-118.9411269
-118.9426875
-118.9380121
-118.9337977
-118.9407411
-118.9412162
-118.9427945
-118.9403912
-118.9390816
-118.9353692
-118.9425002
-118.9342435
-118.9393447
-118.9415241
-118.945289
-118.9435011
-118.93562
-118.9433287
-118.9354742
-118.9350346
-118.9341831
-118.942831
-118.9342716
-118.9363645
-118.9411915
-118.9304287
-118.9359878
-118.9318072
-118.940834
-118.933215
-118.93528
-118.940402
-118.9385349
-118.94419
-118.9405562
-118.9454739
-118.9392777
-118.94255
-118.9402787
-118.9409089
-118.9450112
-118.9405222
-118.9403025
-118.9383103
-118.942759
-118.936296
-118.9413716
-118.9442078
-118.9458796
-118.942831
-118.941371
-118.9402105
-118.9377166
-118.9427071
-118.9386386
-118.9422678
-118.9440914
-118.9427128
-118.938053
-118.9400163
-118.9390098
-118.9418355
-118.9471725
-118.943493
-118.9437642
-118.938339
-118.9399362
-118.9400904
-118.9394469
-118.9451903
-118.9451656
-118.9473833
-118.9475284
-118.9411588
-118.9352146
-118.9389326
-118.9378897
-118.9412553
-118.9428579
-118.9423169
-118.9507935
-118.9438634
-118.9478435
-118.9443869
-118.942099
-118.9465561
-118.9411833
-118.9456537
-118.9403024
-118.9440071
-118.9452218
-118.9419685
-118.9435862
-118.9429045
-118.9411572
-118.9358687
-118.9478939
-118.9395958
-118.9437348
-118.9475866
-118.9400118
-118.9455975
-118.9390183
-118.9456966
-118.942567
-118.9408239
-118.9467534
-118.9372096
-118.9447762
-118.9449484
-118.9435295
-118.948408
-118.9441984
-118.9450787
-118.9455597
-118.9466469
-118.9449022
-118.9433608
-118.9423483
-118.9448995
-118.9461028
-118.9381008
-118.9482255
-118.940704
-118.9426758
-118.9428158
-118.9419327
-118.9423061
-118.9392815
-118.9421009
-118.9439879
-118.9389215
-118.9390293
-118.9402201
-118.9329707
-118.941563
-118.9365269
-118.9366947
-118.9434431
-118.9388319
-118.9417432
-118.9321618
-118.9370151
-118.939277
-118.9346322
-118.9390796
-118.9366401
-118.9356188
-118.9308436
-118.9315934
-118.9243208
-118.9322879
-118.9367633
-118.9364096
-118.9413737
-118.9440796
-118.9432693
-118.9400799
-118.9381794
-118.935744
-118.9428613
-118.9375417
-118.9442905
-118.9417251
-118.9442211
-118.9459209
-118.9401436
-118.9432989
-118.939383
-118.9396086
-118.9376845
-118.9459623
-118.9446514
-118.9489943
-118.95037
-118.9462707
-118.9438926
-118.9411993
-118.9462881
-118.9421637
-118.9490346
-118.9469662
-118.9466912
-118.9493714
-118.9430329
-118.9424752
-118.9402618
-118.9485827
-118.947795
-118.9490571
-118.9488035
-118.9472466
-118.9476379
-118.9410534
-118.9486067
-118.944425
-118.9489065
-118.9506271
-118.9437998
-118.9479483
-118.9408309
-118.9436884
-118.9457588
-118.9447217
-118.9475601
-118.9481956
-118.9461515
-118.9403318
-118.9478891
-118.9404592
-118.9448569
-118.9484744
-118.942721
-118.9485751
-118.9444266
-118.9445057
-118.945303
-118.9436112
-118.9432685
-118.9421346
-118.9487551
-118.9444725
-118.9472297
-118.9496846
-118.9460804
-118.9480636
-118.9465325
-118.9468828
-118.94671
-118.9421994
-118.9435302
-118.9472852
-118.9450641
-118.9457403
-118.9427846
-118.9442973
-118.9435875
-118.9399766
-118.9414901
-118.9375303
-118.9459928
-118.9414054
-118.947559
-118.9447646
-118.9427401
-118.9525381
-118.9427314
-118.9458976
-118.9450573
-118.9415522
-118.9428971
-118.9437737
-118.9447018
-118.9404957
-118.9448047
-118.9422565
-118.9399425
-118.9475067
-118.9421986
-118.943238
-118.9501385
-118.9392126
-118.9454646
-118.9499969
-118.9466534
-118.9472035
-118.9483567
-118.9464967
-118.9411935
-118.9467281
-118.9388597
-118.9467182
-118.9418149
-118.9408261
-118.9440538
-118.9455804
-118.9362324
-118.9428931
-118.9416032
-118.936899
-118.9489946
-118.9376695
-118.9432095
-118.9452944
-118.9317341
-118.941618
-118.9405574
-118.9439049
-118.9383061
-118.9482584
-118.9415745
-118.9438481
-118.9467013
-118.9361779
-118.9489513
-118.9432097
-118.9452467
-118.9486587
-118.942868
-118.944041
-118.9404506
-118.9394901
-118.9387529
-118.9485991
-118.9394989
-118.9429349
-118.9435661
-118.9428983
-118.9411525
-118.9348535
-118.9460126
-118.9435037
-118.9419043
-118.9469056
-118.9449136
-118.9441202
-118.9371675
-118.9464328
-118.9421178
-118.9458226
-118.9456476
-118.9475388
-118.9468759
-118.9431113
-118.9444831
-118.9420957
-118.9482537
-118.9425118
-118.9448131
-118.9485177
-118.9477434
-118.9489722
-118.9416133
-118.9431681
-118.9444079
-118.9376003
-118.9461756
-118.9442055
-118.9481155
-118.941408
-118.9406454
-118.9425039
-118.9367252
-118.9379839
-118.9377297
-118.9444058
-118.9424365
-118.9413109
-118.9451582
-118.9433767
-118.9434556
-118.9446263
-118.9397056
-118.9471653
-118.9389588
-118.9459903
-118.9416185
-118.9435304
-118.9462797
-118.9413139
-118.9435081
-118.9365277
-118.9422626
-118.9403374
-118.9423261
-118.9414506
-118.942946
-118.9462974
-118.9428536
-118.9420701
-118.9396042
-118.9481867
-118.9426112
-118.9464583
-118.939919
-118.941914
-118.9469832
-118.9437853
-118.9473668
-118.9413866
-118.949129
-118.9431443
-118.9450857
-118.94092
-118.943244
-118.9481055
-118.945627
-118.9460889
-118.9414487
-118.9476353
-118.9428625
-118.9401175
-118.9412195
-118.9438841
-118.9460625
-118.9474459
-118.9452596
-118.9417226
-118.9427619
-118.9432454
-118.9422155
-118.9443203
-118.9490267
-118.9459916
-118.9450073
-118.9380102
-118.9328078
-118.9336739
-118.9437932
-118.9445195
-118.9439651
-118.9433895
-118.9411732
-118.9394338
-118.9416735
-118.9459288
-118.9400389
-118.948499
-118.9460784
-118.9433629
-118.9376996
-118.9408013
-118.9423634
-118.9425089
-118.9482019
-118.9448956
-118.9474044
-118.9410931
-118.9436272
-118.9424129
-118.9454564
-118.9503869
-118.9441755
-118.9464956
-118.9413761
-118.9410258
-118.9457027
-118.9397558
-118.9496092
-118.9412104
-118.9442136
-118.9492642
-118.9435009
-118.947757
-118.9407738
-118.9453833
-118.9458998
-118.9445853
-118.9476444
-118.9429403
-118.9482651
-118.9456345
-118.9446876
-118.9447315
-118.9457388
-118.9462507
-118.945147
-118.9448871
-118.948517
-118.9443298
-118.945728
-118.9454741
-118.9441331
-118.944668
-118.9419227
-118.9453889
-118.9461323
-118.9441989
-118.9470205
-118.9443269
-118.9453564
-118.9408345
-118.9470571
-118.9476291
-118.9487292
-118.9503817
-118.9457818
-118.9484173
-118.9426722
-118.9421386
-118.9458192
-118.9450313
-118.9427354
-118.9472025
-118.9459828
-118.9479202
-118.9437013
-118.9443387
-118.9469788
-118.9413374
-118.944521
-118.94331
-118.9453009
-118.9450651
-118.943171
-118.9446665
-118.9399057
-118.9448726
-118.9445528
-118.9477485
-118.9423911
-118.943959
-118.9464386
-118.9367143
-118.9449902
-118.9392925
-118.9364924
-118.945403
-118.938811
-118.9432035
-118.9427894
-118.9465609
-118.9412788
-118.9386683
-118.945504
-118.9355835
-118.9442546
-118.9371144
-118.9422846
-118.9368709
-118.9409711
-118.9445956
-118.9370094
-118.9470982
-118.9402831
-118.9429588
-118.943153
-118.9452555
-118.9446422
-118.9416717
-118.9416718
-118.9396823
-118.9409975
-118.9444228
-118.9426646
-118.943288
-118.9442101
-118.946887
-118.9439835
-118.9447887
-118.9459136
-118.9437087
-118.9414291
-118.9434376
-118.9427985
-118.9439731
-118.9414287
-118.9433482
-118.9451573
-118.9386711
-118.9468757
-118.9458852
-118.9424346
-118.9403399
-118.9417558
-118.9439622
-118.9381749
-118.9445263
-118.9407131
-118.9417934
-118.9409386
-118.9384575
-118.9392595
-118.9400501
-118.9430602
-118.9433831
-118.9482921
-118.942849
-118.9457075
-118.9445364
-118.942362
-118.9411392
-118.9385031
-118.9396546
-118.9376758
-118.9452038
-118.9430674
-118.9436195
-118.9427152
-118.9419101
-118.9449315
-118.9422911
-118.942733
-118.9468868
-118.9408847
-118.9397341
-118.942295
-118.9439648
-118.9417289
-118.9473498
-118.9468191
-118.9445991
-118.9403708
-118.9442368
-118.9485583
-118.9437401
-118.9440667
-118.9452456
-118.9467701
-118.9435247
-118.9454554
-118.9470372
-118.9433174
-118.9441216
-118.9494107
-118.9500619
-118.9427004
-118.9500535
-118.9485097
-118.9459252
-118.946465
-118.9428135
-118.9503989
-118.945063
-118.9442693
-118.9476619
-118.940963
-118.9479742
-118.942804
-118.9460693
-118.9496039
-118.9440548
-118.9508622
-118.9453189
-118.9460943
-118.9445316
-118.9444982
-118.9431135
-118.9460441
-118.9425679
-118.9437515
-118.9438113
-118.9424857
-118.9482541
-118.9439287
-118.9475298
-118.9500963
-118.9408096
-118.9439775
-118.9380864
-118.9364833
-118.9343753
-118.9337532
-118.9440617
-118.9379785
-118.9417422
-118.9341457
-118.9377525
-118.9347136
-118.9333095
-118.9325353
-118.9323652
-118.9416693
-118.9302124
-118.9372145
-118.9332126
-118.934375
-118.9333343
-118.9329039
-118.9395865
-118.9402806
-118.9446399
-118.9410063
-118.9333286
-118.9368569
-118.9349104
-118.9296524
-118.9396727
-118.9365769
-118.9394201
-118.9348902
-118.9381274
-118.93156
-118.929071
-118.930048
-118.9346112
-118.9428531
-118.9407684
-118.9444014
-118.9402539
-118.9387118
-118.9358132
-118.9317795
-118.94106
-118.9436941
-118.948253
-118.9460168
-118.9461423
-118.9443
-118.939228
-118.9403236
-118.9404004
-118.9424348
-118.9459007
-118.947094
-118.9441763
-118.9465376
-118.944456
-118.9384283
-118.9415236
-118.9432063
-118.9429901
-118.9479553
-118.9399207
-118.9463135
-118.9405966
-118.9462715
-118.943382
-118.9400074
-118.9417036
-118.9396799
-118.9426754
-118.9366133
-118.9434734
-118.9434181
-118.9513914
-118.9481446
-118.9460275
-118.942905
-118.9367629
-118.94563
-118.9378292
-118.9454651
-118.9375432
-118.9423037
-118.9420544
-118.93704
-118.9426506
-118.9324543
-118.9462763
-118.9433803
-118.9452229
-118.9415187
-118.9401886
-118.9409934
-118.9314514
-118.94075
-118.9307495
-118.9416839
-118.9382521
-118.938604
-118.9407253
-118.9368486
-118.9455917
-118.9428848
-118.9444913
-118.9388151
-118.9450919
-118.9450372
-118.9433369
-118.9437383
-118.9435943
-118.9427453
-118.9396357
-118.9410611
-118.9422775
-118.9447516
-118.9426388
-118.9426663
-118.9444864
-118.9412982
-118.9436571
-118.9411942
-118.9402938
-118.9426963
-118.9398679
-118.9396293
-118.9413034
-118.946377
-118.9440088
-118.9408918
-118.9419652
-118.9418867
-118.9401489
-118.9368341
-118.9406373
-118.9381293
-118.9406274
-118.9399073
-118.9410945
-118.9443796
-118.9414903
-118.9430127
-118.939725
-118.9403833
-118.9425471
-118.9468568
-118.9442073
-118.9464426
-118.9436514
-118.9485552
-118.9471306
-118.9469965
-118.9484635
-118.9424971
-118.9457843
-118.9389418
-118.947958
-118.9468878
-118.9468156
-118.9459899
-118.9458869
-118.9447246
-118.9371897
-118.9450289
-118.9450866
-118.947855
-118.944151
-118.945586
-118.9478185
-118.9380492
-118.9427451
-118.9383129
-118.944398
-118.9482848
-118.9389462
-118.9448832
-118.9330013
-118.9386618
-118.9316976
-118.9432206
-118.940587
-118.9451769
-118.9399492
-118.9329434
-118.9423392
-118.9330779
-118.9376954
-118.9421729
-118.9390983
-118.9352882
-118.9303397
-118.9372003
-118.930376
-118.932127
-118.9351893
-118.9334898
-118.9407859
-118.9320855
-118.9384145
-118.9358961
-118.9373393
-118.9376647
-118.9412931
-118.9400579
-118.9446634
-118.9445654
-118.9378592
-118.9389609
-118.9382567
-118.9382181
-118.9397931
-118.9449018
-118.940582
-118.9385359
-118.9396767
-118.9377489
-118.9446067
-118.9372311
-118.9455758
-118.9417462
-118.9389127
-118.9439776
-118.9410874
-118.9498448
-118.938935
-118.9464568
-118.9431211
-118.9403198
-118.9436088
-118.9424625
-118.9519746
-118.9458334
-118.9478863
-118.941803
-118.9368605
-118.9382877
-118.9361517
-118.9422216
-118.9441093
-118.9455202
-118.9438996
-118.9404168
-118.9367813
-118.9374084
-118.9373274
-118.9385875
-118.9400091
-118.9434201
-118.9463574
-118.9430452
-118.9432121
-118.936988
-118.9420359
-118.9415737
-118.9371426
-118.9416197
-118.9388276
-118.9429862
-118.9426077
-118.9390906
-118.9393576
-118.9449103
-118.9432365
-118.9458971
-118.9442683
-118.9450006
-118.9439346
-118.9415403
-118.942358
-118.9351027
-118.9420471
-118.9395792
-118.945694
-118.9444018
-118.9453054
-118.9478085
-118.9390459
-118.9462266
-118.9369105
-118.9439372
-118.9436762
-118.9447205
-118.9502806
-118.9433852
-118.9480555
-118.9401239
-118.9433313
-118.9414993
-118.9422346
-118.9441767
-118.9391632
-118.9444734
-118.9419529
-118.9443052
-118.9389612
-118.9420415
-118.9398185
-118.9453333
-118.9426867
-118.9421736
-118.9428823