-117.734446935845
-117.729054684303
-117.723896778315
-117.724174363772
-117.727756012993
-117.729049176451
-117.724477365011
-117.720794623455
-117.721856832868
-117.725533476313
-117.72742141468
-117.723140983006
-117.719658618354
-117.725440293572
-117.727114816431
-117.728036579311
-117.72585521049
-117.720364091969
-117.727633008767
-117.725691346612
-117.729187101424
-117.723252210872
-117.722203708417
-117.726877054069
-117.728361131829
-117.728977009357
-117.724700325512
-117.723167974781
-117.726634085026
-117.729064253664
-117.725955137445
-117.722248836292
-117.716958479767
-117.72457466908
-117.727559406112
-117.728066417885
-117.721436114685
-117.721315155893
-117.727774950361
-117.730837588302
-117.728417817815
-117.724547346731
-117.725603798814
-117.72910692259
-117.731347003987
-117.727870536721
-117.7212021173
-117.718093583315
-117.724882861487
-117.729986086041
-117.728097657819
-117.719368352953
-117.718265769494
-117.725624479124
-117.728330480796
-117.725803738336
-117.724835398046
-117.72382803852
-117.721165891193
-117.724226926189
-117.725380368755
-117.726757036589
-117.720850486738
-117.72774373083
-117.723771105547
-117.722090933399
-117.723468928741
-117.724052679156
-117.725130416578
-117.727426200923
-117.724409887773
-117.720723295286
-117.715985721167
-117.725035785008
-117.729562184008
-117.727998043219
-117.724539478203
-117.71910341792
-117.718307422248
-117.726274128167
-117.727503322068
-117.728138886207
-117.720048659167
-117.719003883925
-117.724613999468
-117.726686175016
-117.727633263795
-117.723167754396
-117.723954659186
-117.722546431579
-117.723965569667
-117.727700815314
-117.724154439817
-117.719573488078
-117.720604802123
-117.724842215861
-117.724298588498
-117.719527221109
-117.720211872737
-117.726686328283
