-2.705872350033968132e+02
-2.705727043552670921e+02
-2.705860588265733213e+02
-2.705865249266031469e+02
-2.705758459400005904e+02
-2.705916237285100010e+02
-2.705863058310644078e+02
-2.705919149103775680e+02
-2.705899206752350210e+02
-2.705750569000064161e+02
-2.705774790048693603e+02
-2.705811900791842390e+02
-2.705777172133595627e+02
-2.705752977631988756e+02
-2.705839664693317559e+02
-2.705686697242051082e+02
-2.705742995577694501e+02
-2.705802075480710869e+02
-2.705907125215913993e+02
-2.705866605713870285e+02
-2.705709359190720420e+02
-2.705928680155582811e+02
-2.705798835157563076e+02
-2.705949442994103151e+02
-2.705698731978337719e+02
-2.705778312343393281e+02
-2.705830114311733610e+02
-2.705821466101123747e+02
-2.705955797328547305e+02
-2.705890514929178039e+02
-2.705912540054359283e+02
-2.705714599990541274e+02
-2.705703674004691948e+02
-2.705638084554163356e+02
-2.705882044262755244e+02
-2.705721128534672744e+02
-2.705656054420792884e+02
-2.705892936061108571e+02
-2.705714411607971783e+02
-2.705849113788733007e+02
-2.705752481233076310e+02
-2.705666269648667139e+02
-2.705837491955732617e+02
-2.705853598564378331e+02
-2.705947139666778867e+02
-2.705814071923625193e+02
-2.705590473840395589e+02
-2.705711469427691895e+02
-2.705859239637018163e+02
-2.705778039692631296e+02
-2.705863504798346639e+02
-2.705720464160156098e+02
-2.705839078799941149e+02
-2.705904232737528901e+02
-2.705869297672143716e+02
-2.705739829116173496e+02
-2.705546863579920114e+02
-2.705760709927499192e+02
-2.705674264863104099e+02
-2.705804959865926094e+02
-2.705845527354289288e+02
-2.705655025889259377e+02
-2.705915283419406592e+02
-2.705727429203037104e+02
-2.705936074510128719e+02
-2.705750363101724361e+02
-2.705963900481204405e+02
-2.705999970526146399e+02
-2.705954121125505480e+02
-2.705901732073313042e+02
-2.705936780026739825e+02
-2.705989303387055998e+02
-2.705905220844040855e+02
-2.705906554865476892e+02
-2.705942251526482778e+02
-2.705621235080051861e+02
-2.705867187582942961e+02
-2.705857495183768719e+02
-2.705771090522835038e+02
-2.705833171805523421e+02
-2.705960833553249927e+02
-2.705769692169309337e+02
-2.705797238047398423e+02
-2.705884242956877301e+02
-2.705779099657375468e+02
-2.705748610668442211e+02
-2.705836800928767616e+02
-2.705816214941210092e+02
-2.705819158973515641e+02
-2.705899740002057570e+02
-2.705882954977429335e+02
-2.705788417163174699e+02
-2.705812188975891104e+02
-2.705882947266534870e+02
-2.705898080032153530e+02
-2.705852742062916150e+02
-2.705763437222790913e+02
-2.705888595498419704e+02
-2.705997042775325099e+02
-2.705789117875837064e+02
-2.705762395466739463e+02
-2.705799287763503571e+02
-2.705684294641706629e+02
-2.705936091766449749e+02
-2.705905241911764278e+02
-2.705705895365322817e+02
-2.705852501017645864e+02
-2.705929009731931956e+02
-2.705864098336338657e+02
-2.705788116631358662e+02
-2.705812816352373034e+02
-2.705853215947943795e+02
-2.705862943612294771e+02
-2.705868422504321416e+02
-2.705837765685477621e+02
-2.705754166168777033e+02
-2.705939791833871482e+02
-2.705768652621551382e+02
-2.705895169663414777e+02
-2.705940526184382975e+02
-2.705848741755823426e+02
-2.705765121000894737e+02
-2.705947773505819782e+02
-2.705851649803436771e+02
-2.705840127997324203e+02
-2.705597010660388833e+02
-2.705872532599472606e+02
-2.705625454409016584e+02
-2.705950237079194949e+02
-2.705851988606431746e+02
-2.705750423558156967e+02
-2.705906902213066019e+02
-2.705762995367933854e+02
-2.705638637484139508e+02
-2.705866267886754599e+02
-2.705899082920252567e+02
-2.705798331742530536e+02
-2.705845133376636227e+02
-2.705775945454436737e+02
-2.705897801276324799e+02
-2.705896460336997507e+02
-2.705775556328092080e+02
-2.705836236534984778e+02
-2.705773044730339052e+02
-2.705892486943373001e+02
-2.705636220921358017e+02
-2.705662763815406606e+02
-2.705773488262274782e+02
-2.705781262645880361e+02
-2.705887132168352878e+02
-2.705802192815885974e+02
-2.705888385721117970e+02
-2.705729401566796355e+02
-2.705632352677986319e+02
-2.705789688541575515e+02
-2.705812590916385716e+02
-2.705885678650585646e+02
-2.705873403892109081e+02
-2.705874638778989834e+02
-2.705767381853339089e+02
-2.705956479263292067e+02
-2.705728003439989493e+02
-2.705841193814081862e+02
-2.705711412824184094e+02
-2.705895070694574542e+02
-2.705953610692570237e+02
-2.705959728660584460e+02
-2.705970208917345872e+02
-2.705716883535388888e+02
-2.705893121239465131e+02
-2.705861668313202131e+02
-2.705863425476617294e+02
-2.705929248009962862e+02
-2.705892815124556137e+02
-2.705925988781806382e+02
-2.705856811196504168e+02
-2.705933048728421682e+02
-2.705889792432111562e+02
-2.705839466854168904e+02
-2.705823418570581680e+02
-2.705969555504794357e+02
-2.705756081105481599e+02
-2.705805121067548384e+02
-2.705857669645259875e+02
-2.705821742374463383e+02
-2.705876151351421868e+02
-2.705877783036311826e+02
-2.705865715893454535e+02
-2.705815160076383563e+02
-2.705913376381412263e+02
-2.705839368071252125e+02
-2.705889345087018114e+02
-2.705805532725163971e+02
-2.705909354142372649e+02
-2.705904106056946716e+02
-2.705818988841256214e+02
-2.705844320054405898e+02
-2.705701502883422336e+02
-2.705929347457575886e+02
-2.705619351677541999e+02
-2.705740957978479742e+02
-2.705772645614845260e+02
-2.705752156627178238e+02
-2.705858194009934437e+02
-2.705904447505178609e+02
-2.705630012244969862e+02
-2.705797058450984309e+02
-2.705666000547512908e+02
-2.705811052615619587e+02
-2.705669434115513354e+02
-2.705889841465337327e+02
-2.705785961446588317e+02
-2.705745683849798411e+02
-2.705851380662801375e+02
-2.705831895387190684e+02
-2.705756660776858098e+02
-2.705758393789761271e+02
-2.705875167368295138e+02
-2.705738098388230242e+02
-2.705946867050666356e+02
-2.705866362322871055e+02
-2.705722440690149142e+02
-2.705782347713003446e+02
-2.705776625464474705e+02
-2.705708185676155608e+02
-2.705827724483418706e+02
-2.705764677196599450e+02
-2.705863900282674308e+02
-2.705897286832192776e+02
-2.705940387467438200e+02
-2.705916875075104713e+02
-2.705801530205687300e+02
-2.705724316525042923e+02
-2.705967915289982102e+02
-2.705963699728103506e+02
-2.705806730447264954e+02
-2.705893643905668569e+02
-2.705839236306106841e+02
-2.705979361383466539e+02
-2.705836083376069610e+02
-2.705578017815321346e+02
-2.705899438380735091e+02
-2.705760235928819384e+02
-2.705828614899762101e+02
-2.705905147375493698e+02
-2.705774412316833377e+02
-2.705898962897452407e+02
-2.705801759917261506e+02
-2.705884880020265655e+02
-2.705907830737155564e+02
-2.705875598677649236e+02
-2.705914270232058811e+02
-2.705926518341357223e+02
-2.705776461777722375e+02
-2.705778075866572863e+02
-2.705900477455841724e+02
-2.705798003250077954e+02
-2.705885319270830678e+02
-2.705886572101733236e+02
-2.705890367893563280e+02
-2.705941533754412376e+02
-2.705769484082719600e+02
-2.705953804852716758e+02
-2.705807504225168714e+02
-2.705833872515929102e+02
-2.706052556132650579e+02
-2.705812147254578690e+02
-2.705665394413788363e+02
-2.705909373555539901e+02
-2.705796329533257563e+02
-2.705855419705873715e+02
-2.705839377522738687e+02
-2.705961786002085887e+02
-2.705816322007360668e+02
-2.705744508162054558e+02
-2.705893973086809865e+02
-2.705770215817277631e+02
-2.705818063798902813e+02
-2.705933530246200576e+02
-2.705974024397751236e+02
-2.705895542891461787e+02
-2.705833194719009498e+02
-2.705874690727862912e+02
-2.705749735196835672e+02
-2.705838758371161816e+02
-2.705759296665720512e+02
-2.705847515274433022e+02
-2.705861127894989977e+02
-2.705523791166095862e+02
-2.705834965996795063e+02
-2.705775691273098005e+02
-2.705558123823778942e+02
-2.705869353063027347e+02
-2.705694514007032581e+02
-2.705682897062058601e+02
-2.705932994683229253e+02
-2.705907636461929542e+02
-2.705981388589532912e+02
-2.705811522388484036e+02
-2.706028879789161579e+02
-2.705945846822345970e+02
-2.705799725587805256e+02
-2.705715398708349539e+02
-2.705865288320632658e+02
-2.705876645771757580e+02
-2.705932937511140040e+02
-2.705879888187565143e+02
-2.705948314257249763e+02
-2.705964464652744823e+02
-2.705765643038029680e+02
-2.705753417651878294e+02
-2.705889216246481510e+02
-2.705781427163954049e+02
-2.705901405114982481e+02
-2.705748230250900974e+02
-2.705945866723302515e+02
-2.705797363263694137e+02
-2.705837316575122600e+02
-2.705671571774207109e+02
-2.705850386979967652e+02
-2.705944006880694701e+02
-2.705883783090441739e+02
-2.705952127853967113e+02
-2.705771955417087042e+02
-2.705705645315652532e+02
-2.705771971780223453e+02
-2.705798998456529603e+02
-2.705581603135285604e+02
-2.705802745702978882e+02
-2.705786268160193799e+02
-2.705672625246345433e+02
-2.705688767754345463e+02
-2.705892428355363108e+02
-2.705762395466738326e+02
-2.705917277410370616e+02
-2.705914400918571801e+02
-2.705904294768488398e+02
-2.705995367012484962e+02
-2.706001003860176297e+02
-2.705883104735312941e+02
-2.705953913343035993e+02
-2.705721505312504291e+02
-2.705776133340669958e+02
-2.705947660464802880e+02
-2.705864440401936122e+02
-2.705838830913650099e+02
-2.705831145030994094e+02
-2.705581557688104795e+02
-2.705898617509108135e+02
-2.706019135536776048e+02
-2.705919957779668721e+02
-2.705871404782350851e+02
-2.705928967558206182e+02
-2.705674288632918660e+02
-2.705769056248960851e+02
-2.705832144549871146e+02
-2.705665125362347112e+02
-2.705882706443366601e+02
-2.705715443389433403e+02
-2.705625899287678067e+02
-2.705879803104293160e+02
-2.705808129205396426e+02
-2.705974133326861875e+02
-2.705623891643984962e+02
-2.705840313293659278e+02
-2.705977975803926938e+02
-2.705825908448616701e+02
-2.705785849001437668e+02
-2.705821158828222792e+02
-2.705805080846616875e+02
-2.705897094793076008e+02
-2.705949551410657818e+02
-2.705753587356909975e+02
-2.705649562208226939e+02
-2.705900763752486569e+02
-2.705754996603514542e+02
-2.705911367986143432e+02
-2.705864187540728949e+02
-2.705890751791613411e+02
-2.705792923954340949e+02
-2.705949488466538355e+02
-2.705852662767701986e+02
-2.705934758644435192e+02
-2.705905948009414033e+02
-2.705910925480280866e+02
-2.705822324056629213e+02
-2.705825131688477541e+02
-2.705809813188855628e+02
-2.705808952117625381e+02
-2.705863995768108339e+02
-2.705834545245608638e+02
-2.705790526002473939e+02
-2.705806290549909363e+02
-2.705830005332316546e+02
-2.705981736159831712e+02
-2.705864605358746076e+02
-2.705794942716840978e+02
-2.705906439812436020e+02
-2.705822218518356408e+02
-2.705877748421008278e+02
-2.705864802128477891e+02
-2.705811200747921816e+02
-2.705672338671464559e+02
-2.705764371371062680e+02
-2.705895216319598262e+02
-2.705937191864779834e+02
-2.705884523649057769e+02
-2.705764785520707960e+02
-2.705856902723846815e+02
-2.705901163721679268e+02
-2.705874955417284013e+02
-2.705778744292861688e+02
-2.705749864916570573e+02
-2.705739201028375760e+02
-2.705887592776063002e+02
-2.705817914489116447e+02
-2.705953708941200944e+02
-2.705839923414764598e+02
-2.705766825857036793e+02
-2.705912752501110958e+02
-2.705876612277685922e+02
-2.705809270337286421e+02
-2.705801398151460830e+02
-2.705965104740507172e+02
-2.705820708252451823e+02
-2.705809257850597760e+02
-2.705787600524727736e+02
-2.705786115041385642e+02
-2.705806323603510464e+02
-2.705678270631455575e+02
-2.705861206796664646e+02
-2.705882863386452755e+02
-2.705751655814072478e+02
-2.705869713031038373e+02
-2.705897902154928829e+02
-2.705720515713394434e+02
-2.705803597947150365e+02
-2.705840420485408231e+02
-2.705868759703683395e+02
-2.705945623002480147e+02
-2.705957338999347144e+02
-2.705852309601327761e+02
-2.705985733670449918e+02
-2.705765910508405341e+02
-2.705805653793699435e+02
-2.705853735185290248e+02
-2.705776494279401732e+02
-2.705705081130788585e+02
-2.705803593869882206e+02
-2.705829864912830658e+02
-2.705726831339355272e+02
-2.705934734725935868e+02
-2.705856024508234441e+02
-2.705835234622159646e+02
-2.705850905350718563e+02
-2.705906778565451418e+02
-2.705872315817954359e+02
-2.705808575408709657e+02
-2.705669855007279239e+02
-2.705874679317809637e+02
-2.705795397142091474e+02
-2.705805240791944470e+02
-2.705938491542045767e+02
-2.705684589201900394e+02
-2.705841417012337615e+02
-2.705908398232992909e+02
-2.705841018142714915e+02
-2.705719053971761241e+02
-2.705784108697201873e+02
-2.705745467308323668e+02
-2.705761372206046644e+02
-2.705813814525873795e+02
-2.705934376538674542e+02
-2.705762007428467655e+02
-2.705879097592694507e+02
-2.705926923389526451e+02
-2.705737566531061589e+02
-2.705914551309722356e+02
-2.705775305817425078e+02
-2.705797011411068524e+02
-2.705652204183742242e+02
-2.705869028724779923e+02
-2.705869826161742822e+02
-2.705802467725492875e+02
-2.705920720465012437e+02
-2.705833684648374060e+02
-2.705930245925197823e+02
-2.705815685466151308e+02
-2.705885761804814251e+02
-2.705844263208827556e+02
-2.705817602880924824e+02
-2.705806168178357325e+02
-2.705940578522451005e+02
-2.705876566973145145e+02
-2.705846465791011610e+02
-2.705780496984512524e+02
-2.705824408081857655e+02
-2.705922519243773081e+02
-2.705989382604680031e+02
-2.705884340971604729e+02
-2.705897944046045041e+02
-2.705704585053684355e+02
-2.705892843351883812e+02
-2.705916008895769096e+02
-2.705582514899455759e+02
-2.705745980116839178e+02
-2.705768637957602891e+02
-2.705721636084589932e+02
-2.705895895683208323e+02
-2.705891324619631746e+02
-2.705845036854499881e+02
-2.705979774320382489e+02
-2.705834797009015915e+02
-2.705881025591276625e+02
-2.705719489550265848e+02
-2.705824817442796757e+02
-2.705838856371148609e+02
-2.705650830515546659e+02
-2.705650478776174168e+02
-2.705850642681604654e+02
-2.705834583983009338e+02
-2.705894883479966211e+02
-2.705822009519553148e+02
-2.705847084082252536e+02
-2.705899588269715537e+02
-2.705948536105873927e+02
-2.705917340829744830e+02
-2.705877878049741980e+02
-2.705776619609804925e+02
-2.705796341192710770e+02
-2.705783903594606841e+02
-2.705830831181393137e+02
-2.705922087598434587e+02
-2.705773998930733342e+02
-2.705759399472122482e+02
-2.705850603814071746e+02
-2.705754469778472071e+02
-2.705793633316979481e+02
-2.705913326608537091e+02
-2.705782332850275225e+02
-2.705738041404722480e+02
-2.705759152116036717e+02
-2.705784174799927086e+02
-2.705733683730475150e+02
-2.705940976720126514e+02
-2.705876530630236516e+02
-2.705733650215070156e+02
-2.705698734422006737e+02
-2.705913402830748851e+02
-2.705884100709471340e+02
-2.705819191957677958e+02
-2.705801939698632168e+02
-2.705724620399813034e+02
-2.705911694677230344e+02
-2.705813101215812253e+02
-2.705820478867586303e+02
-2.705675287206282746e+02
-2.705959662882547718e+02
-2.705829485438335951e+02
-2.705999507389280438e+02
-2.705902636171040285e+02
-2.705775191268602953e+02
-2.705948400991961762e+02
-2.705941926920937703e+02
-2.705797323892740565e+02
-2.705928328548361037e+02
-2.705826144326306917e+02
-2.705775801475520552e+02
-2.705816087290803011e+02
-2.705724258778442959e+02
-2.705614658455563699e+02
-2.705842542736778569e+02
-2.705937732703781649e+02
-2.705943135295908633e+02
-2.705899396697268458e+02
-2.705796918806032068e+02
-2.705899207533278741e+02
-2.705774530873470098e+02
-2.705902180845214957e+02
-2.705713113147753575e+02
-2.705953450328231042e+02
-2.705923175242913317e+02
-2.705731966667574966e+02
-2.705736321307270487e+02
-2.705845729049948432e+02
-2.705897692978136320e+02
-2.705705101852049097e+02
-2.705927021145005256e+02
-2.705820529417908347e+02
-2.705985157794648899e+02
-2.705840070815564786e+02
-2.705689026279938503e+02
-2.705767826970905503e+02
-2.705947555690412969e+02
-2.705820186897408348e+02
-2.705813732583006868e+02
-2.705809184457901893e+02
-2.705900887222168194e+02
-2.705753098177665947e+02
-2.705939001256218717e+02
-2.705771549375510858e+02
-2.705866504152219818e+02
-2.705695465851620156e+02
-2.705815814443967611e+02
-2.705787405471681382e+02
-2.705712447582415052e+02
-2.705742301075012506e+02
-2.705938929837030855e+02
-2.705851202835891627e+02
-2.705907174649584590e+02
-2.705841207533493389e+02
-2.705768927419429133e+02
-2.705889785757809705e+02
-2.705863695208084891e+02
-2.705736834045099499e+02
-2.705835040285802506e+02
-2.705986496499428995e+02
-2.706001398179876674e+02
-2.705780670955995788e+02
-2.705944225229161475e+02
-2.705717407434505049e+02
-2.705843574855486509e+02
-2.705741135024487107e+02
-2.705923263944016526e+02
-2.705771816618822072e+02
-2.705880881278482093e+02
-2.705770766040768081e+02
-2.705833977483623016e+02
-2.705870630101043162e+02
-2.705733864784035632e+02
-2.705879099618228452e+02
-2.705903892063661260e+02
-2.705835876936171189e+02
-2.705963539561607263e+02
-2.705927429901047390e+02
-2.705879709376587812e+02
-2.705909081764991697e+02
-2.705877184853567314e+02
-2.705795078895478696e+02
-2.705789418623537586e+02
-2.705913075187127106e+02
-2.705780652640760877e+02
-2.705946380809912171e+02
-2.705954577331925179e+02
-2.705838370514787243e+02
-2.705904940646303771e+02
-2.705906982292680709e+02
-2.705858726886942236e+02
-2.705848323297923912e+02
-2.705846794751586231e+02
-2.705706871758978309e+02
-2.705825606226198374e+02
-2.705884160811280026e+02
-2.705631176788241987e+02
-2.705761663794066862e+02
-2.705892453955580663e+02
-2.705776350492896540e+02
-2.705857114255443321e+02
-2.705871442684212980e+02
-2.705583151204903629e+02
-2.705949741797461456e+02
-2.705726133897448449e+02
-2.705827437162073466e+02
-2.705747927971943341e+02
-2.705608405564152008e+02
-2.705895444929427640e+02
-2.705939994101148045e+02
-2.705972331613507436e+02
-2.705761476498129809e+02
-2.705804136645699600e+02
-2.705886926060055657e+02
-2.705972471277236195e+02
-2.705710266195196709e+02
-2.705767528492594920e+02
-2.705877022623334369e+02
-2.705629836671770931e+02
-2.705794642802875956e+02
-2.705860193711656052e+02
-2.705967257421128238e+02
-2.705845362636144955e+02
-2.705631029301023887e+02
-2.705726445645598233e+02
-2.705825094859342244e+02
-2.705790885576289497e+02
-2.705875134888892717e+02
-2.705665584694310724e+02
-2.705671210558664370e+02
-2.705829167309516379e+02
-2.705842260014738372e+02
-2.705799037822690138e+02
-2.705839867049452891e+02
-2.705661077158816852e+02
-2.705818183299890620e+02
-2.705910524773664747e+02
-2.705903598323679375e+02
-2.705778955655506479e+02
-2.705938216066380733e+02
-2.705863125223537509e+02
-2.705949780854177220e+02
-2.705802492540270237e+02
-2.705834542189899707e+02
-2.705924381950738962e+02
-2.705764902800563618e+02
-2.705776898778897248e+02
-2.705851411734854537e+02
-2.705763680858494808e+02
-2.705795534051719073e+02
-2.705927901084588711e+02
-2.705835836228848166e+02
-2.705995663274415506e+02
-2.705872902267343534e+02
-2.705751011633618077e+02
-2.705786188053004366e+02
-2.706005823479632113e+02
-2.705893071265612662e+02
-2.705813766478552225e+02
-2.705846537459046317e+02
-2.705673224097755565e+02
-2.705757935377756667e+02
-2.705911005581870086e+02
-2.705867994045431146e+02
-2.705820247463523174e+02
-2.705825080848392759e+02
-2.705621533778351591e+02
-2.705884493639437665e+02
-2.705831283458666121e+02
-2.705919931507123124e+02
-2.705840143680860592e+02
-2.705762370790894238e+02
-2.705961785178159857e+02
-2.705916867116991966e+02
-2.705835692760260827e+02
-2.705988217466712626e+02
-2.705934099681645648e+02
-2.705863933663150647e+02
-2.705802745702976608e+02
-2.705759896381575231e+02
-2.705881113024144611e+02
-2.705838922816704439e+02
-2.705745598912403693e+02
-2.705938101710765977e+02
-2.705762656555643275e+02
-2.705905202124703237e+02
-2.705663188519261553e+02
-2.705838758371158974e+02
-2.705772198809895599e+02
-2.705928630726201618e+02
-2.705846172238555596e+02
-2.705942519307080261e+02
-2.705906508857521544e+02
-2.705868765357569714e+02
-2.705848810179880388e+02
-2.705695684398601770e+02
-2.705877134751377753e+02
-2.705617315134986711e+02
-2.705840796056906470e+02
-2.705903932096311451e+02
-2.705632490988960512e+02
-2.705878047389758763e+02
-2.705990783716465558e+02
-2.705777623132143503e+02
-2.705864748486162057e+02
-2.705915187566386066e+02
-2.705884128560194313e+02
-2.705837700841376545e+02
-2.705848641104696526e+02
-2.705643332893453135e+02
-2.705812081895755909e+02
-2.705603494099229351e+02
-2.705821649367288160e+02
-2.705810914471133515e+02
-2.705657520461524541e+02
-2.705857490865161026e+02
-2.705973538855032530e+02
-2.705821454924568457e+02
-2.705883524142535066e+02
-2.705900497465337367e+02
-2.705753665704323794e+02
-2.705856278726952269e+02
-2.705740451982847503e+02
-2.705734015375729200e+02
-2.705852486101400132e+02
-2.705724239840349696e+02
-2.705897622623190273e+02
-2.705811247894853864e+02
-2.705910102147691418e+02
-2.705833412447860269e+02
-2.705796543674973123e+02
-2.705939012238227406e+02
-2.705916424983466300e+02
-2.705936699666851268e+02
-2.705845811939740315e+02
-2.705781221363940858e+02
-2.705714736906604685e+02
-2.705948231973572433e+02
-2.705649718698305719e+02
-2.705775491569304450e+02
-2.705841015357418087e+02
-2.705902033824555133e+02
-2.705578671151778849e+02
-2.705763494501824766e+02
-2.705839968990783291e+02
-2.705907900493735951e+02
-2.705686370724974381e+02
-2.705930621537987690e+02
-2.705904953328940792e+02
-2.705794110971039004e+02
-2.705720369730062771e+02
-2.705785903293971160e+02
-2.705661788869502971e+02
-2.705998023432077275e+02
-2.705877022353190000e+02
-2.705824476549178712e+02
-2.705869501003786013e+02
-2.705838041149176547e+02
-2.705889364237014547e+02
-2.705846804301977500e+02
-2.705754434842766614e+02
-2.705855508027834162e+02
-2.705792114795663110e+02
-2.705902750500414982e+02
-2.705815298298675202e+02
-2.705851922070726232e+02
-2.705900265503929631e+02
-2.705844618392031293e+02
-2.705865169814654791e+02
-2.705799591406715763e+02
-2.705783220009448655e+02
-2.705800540231406899e+02
-2.705878446248010505e+02
-2.705974881704597692e+02
-2.705802973076627609e+02
-2.705848482547368121e+02
-2.705937145438237508e+02
-2.705753272750553720e+02
-2.705790362077641475e+02
-2.705909392337180748e+02
-2.705963857692087231e+02
-2.705914627577975580e+02
-2.705941757385909341e+02
-2.705973171412555303e+02
-2.705794355761713064e+02
-2.705755287670418738e+02
-2.705992564601949653e+02
-2.705768116096614904e+02
-2.705855865958216668e+02
-2.705875956519577699e+02
-2.705807302144150412e+02
-2.705651568241786435e+02
-2.705928186512131788e+02
-2.705880955572019957e+02
-2.705723535215993252e+02
-2.705920452167864028e+02
-2.705893034444164869e+02
-2.705827973289108286e+02
-2.705777866654796640e+02
-2.705770938225092550e+02
-2.705672023871637748e+02
-2.705860458269474975e+02
-2.705714295221146699e+02
-2.706009358016204374e+02
-2.705840767985463344e+02
-2.705839528406039562e+02
-2.705871332203719817e+02
-2.705895681887839714e+02
-2.705928966069438388e+02
-2.705972054666562485e+02
-2.705819576171647327e+02
-2.705658597176235958e+02
-2.705780150287479273e+02
-2.705808616201667860e+02
-2.705911420481330651e+02
-2.705827739288801013e+02
-2.705734564043268051e+02
-2.705733383006074178e+02
-2.705771728116338295e+02
-2.705840979725347211e+02
-2.705908026384989284e+02
-2.705885569499165513e+02
-2.705688641794294540e+02
-2.705876947140876041e+02
-2.705946086498702812e+02
-2.705779049720336502e+02
-2.705790683588145384e+02
-2.705848904759058655e+02
-2.705816268349012716e+02
-2.705919771357587820e+02
-2.705827538629925471e+02
-2.705931364798468621e+02
-2.705861857055501787e+02
-2.705943075196852874e+02
-2.705707728470489428e+02
-2.705907459488024074e+02
-2.705777098869668862e+02
-2.705873588795030855e+02
-2.705872143598679145e+02
-2.705933176611773092e+02
-2.705808374115638344e+02
-2.705952824704629620e+02
-2.705670011678290621e+02
-2.705832510734363723e+02
-2.705767983711231750e+02
-2.705868852476024244e+02
-2.705819261032454506e+02
-2.705988015075936346e+02
-2.705753100566167859e+02
-2.705780890433367176e+02
-2.705662925338699552e+02
-2.705924560010541882e+02
-2.705904948687544334e+02
-2.705892202643631776e+02
-2.705859281344880856e+02
-2.705728245395215481e+02
-2.705802946499112522e+02
-2.705811467877892937e+02
-2.705773651286645531e+02
-2.705819237475727732e+02
-2.705743925442757245e+02
-2.705836884153772530e+02
-2.705868850483669235e+02
-2.705868112185191308e+02
-2.705904836039949259e+02
-2.705773377469998877e+02
-2.705906428807952580e+02
-2.705912958271646858e+02
-2.705863738715628983e+02
-2.705654220753024219e+02
-2.705852379496934077e+02
-2.705791984688073057e+02
-2.705780836541140957e+02
-2.705769340743685234e+02
-2.705952619775305266e+02
-2.705768795462633420e+02
-2.705979416240991782e+02
-2.705915105464349040e+02
-2.705861567983805571e+02
-2.705750071225103852e+02
-2.705733007570814834e+02
-2.705857689710005616e+02
-2.705918754532823982e+02
-2.705782572166962154e+02
-2.705802762930818517e+02
-2.705817240136812529e+02
-2.705819680422770830e+02
-2.705784303830901649e+02
-2.705783631875125934e+02
-2.705838750767144916e+02
-2.705960648696332100e+02
-2.705796770688624520e+02
-2.705773086161809715e+02
-2.705867503076805747e+02
-2.705941640921766975e+02
-2.705863756822970458e+02
-2.705867854780033781e+02
-2.705984166946335563e+02
-2.705935120480755245e+02
-2.705967286937734571e+02
-2.705852718167264470e+02
-2.705634890098335745e+02
-2.705838171376112768e+02
-2.705944970380650147e+02
-2.705851221665755588e+02
-2.705659620195357888e+02
-2.705823520657779113e+02
-2.705935385417622001e+02
-2.705946961760163276e+02
-2.705866910436300827e+02
-2.705889319867602580e+02
-2.705840877110658198e+02
-2.705714996634895328e+02
-2.705882620568956440e+02
-2.705917753108853390e+02
-2.705814588304190238e+02
-2.705714349441899458e+02
-2.705918605552246845e+02
-2.705752294377604699e+02
-2.705751202272938940e+02
-2.705683850528962466e+02
-2.705813833259676926e+02
-2.705902517872616500e+02
-2.705623599940875010e+02
-2.705764958121835093e+02
-2.705791162640032326e+02
-2.705835469380908194e+02
-2.705846749902292459e+02
-2.705902101590153279e+02
-2.705882416524324867e+02
-2.705988676223323068e+02
-2.705789283993725576e+02
-2.705925002080774107e+02
-2.705706720300082679e+02
-2.705961023272093371e+02
-2.705803056314819059e+02
-2.705856252995944828e+02
-2.705959253180378710e+02
-2.705895946837592305e+02
-2.705789828520828451e+02
-2.705821348189542732e+02
-2.705906977496802597e+02
-2.705876985328831097e+02
