-271.180102564283
-271.168218302379
-271.178476529698
-271.179579054453
-271.170832540019
-271.186926501811
-271.18046170697
-271.186049533022
-271.184197712398
-271.17045235624
-271.173400749831
-271.176373081448
-271.173709886692
-271.169025078505
-271.178107471493
-271.164401382882
-271.168781968542
-271.174230734059
-271.186138097149
-271.181992735176
-271.165453710727
-271.186999147939
-271.175594941357
-271.188630841073
-271.164837109277
-271.171806338591
-271.177943212452
-271.176346388188
-271.189654733258
-271.183546996899
-271.184523755305
-271.165910960831
-271.163402056799
-271.159205715977
-271.182287173279
-271.16629327483
-271.161742338499
-271.182700655733
-271.168192808516
-271.18022833649
-271.168611757882
-271.161369386624
-271.176304673352
-271.179445780379
-271.188089882887
-271.175711982898
-271.156089113946
-271.16811021693
-271.179792216202
-271.172389185081
-271.180596303482
-271.167327376636
-271.178808676251
-271.182908194651
-271.182446867812
-271.168749934036
-271.152489427806
-271.171817077711
-271.16383021869
-271.173838560568
-271.176827052168
-271.159090441696
-271.18545482432
-271.167730325992
-271.187671695515
-271.170211047868
-271.189412098731
-271.193788188044
-271.190181596293
-271.183939507565
-271.18675311387
-271.192683149657
-271.184779099888
-271.184649142236
-271.18843663345
-271.157857018021
-271.181265067613
-271.181377548462
-271.170532011555
-271.178523476774
-271.190516856617
-271.172251231072
-271.176496138848
-271.182327488046
-271.172307256775
-271.17070962403
-271.177742871818
-271.175799138144
-271.175260713386
-271.185019025014
-271.181849754478
-271.173134221394
-271.175700159078
-271.183090133742
-271.18314129681
-271.179371430677
-271.171936175376
-271.183173093097
-271.193281833312
-271.173994657179
-271.16936087045
-271.174565713487
-271.163032105009
-271.186657568538
-271.185498710466
-271.165438049788
-271.17882509697
-271.188025502441
-271.181194676302
-271.172302453921
-271.177080683556
-271.178709202618
-271.181264511834
-271.183421565923
-271.179414589225
-271.169634852147
-271.187372439675
-271.173110121407
-271.185828996768
-271.188558612357
-271.181273329985
-271.170028802922
-271.188793328223
-271.178394213781
-271.177572623073
-271.154156758023
-271.181959756307
-271.159114156135
-271.189366969984
-271.179096847768
-271.171299778323
-271.185875593091
-271.172035531688
-271.159333508043
-271.180169452872
-271.182907378022
-271.173027595257
-271.178885844007
-271.174168717212
-271.183241715754
-271.184240538152
-271.171826930298
-271.178730266162
-271.174415724609
-271.182124986859
-271.156622289899
-271.162483813827
-271.172571281372
-271.171843375562
-271.183587404812
-271.175517905537
-271.181425140529
-271.167243562952
-271.159039129516
-271.172221515156
-271.175796590441
-271.184280054359
-271.182432346279
-271.182298080221
-271.172391689017
-271.186988377924
-271.166791260566
-271.17827916043
-271.165147911059
-271.182481211642
-271.189098643939
-271.188792653991
-271.189790108278
-271.164352339726
-271.18339598686
-271.180484452922
-271.181311088243
-271.186823998064
-271.183483521111
-271.186501816948
-271.179337149423
-271.187594730057
-271.182257554184
-271.178708546697
-271.177744354087
-271.190604093578
-271.168646784118
-271.17436539858
-271.179349456887
-271.175576273581
-271.182245091551
-271.183535036238
-271.181165542238
-271.178113749472
-271.185513822536
-271.180384459748
-271.18226839212
-271.174893098462
-271.185011294907
-271.18557341234
-271.178379790456
-271.178795102557
-271.165080153501
-271.186851186978
-271.157910781885
-271.169589169052
-271.173667433129
-271.170635491648
-271.18019867017
-271.184159118133
-271.15824144906
-271.173084960952
-271.1614960905
-271.176381005754
-271.161272576365
-271.18236680535
-271.172299499888
-271.168004155131
-271.177977883033
-271.175363423637
-271.171291123977
-271.171152018943
-271.182893042373
-271.17061999864
-271.18839260825
-271.182528092445
-271.166226614889
-271.173792503077
-271.174016997253
-271.166937845553
-271.178006916372
-271.17176165747
-271.180880460781
-271.184039118209
-271.189176229899
-271.185119824158
-271.17580377731
-271.167861674307
-271.191597688721
-271.190397986826
-271.175307274181
-271.184860530108
-271.175782651766
-271.192150688865
-271.175302118867
-271.152750928612
-271.184421374513
-271.171193465092
-271.177675778019
-271.183780784116
-271.172653862649
-271.182678436165
-271.173871653577
-271.182354619484
-271.184816267553
-271.180541795444
-271.183969020769
-271.187684794121
-271.172489265974
-271.173174231519
-271.185201880698
-271.17576629374
-271.18305194657
-271.18117041373
-271.182504861781
-271.188719887874
-271.171413177914
-271.189059941829
-271.176079274933
-271.177055894856
-271.198806849284
-271.175938838454
-271.161919189818
-271.185441035713
-271.175237489683
-271.179281138059
-271.178595783819
-271.190469119823
-271.17584597504
-271.167489023989
-271.182991994525
-271.171258940854
-271.17719864631
-271.187015091762
-271.189986097928
-271.182789383142
-271.177602167577
-271.180622778375
-271.170295315374
-271.176889668787
-271.170239155305
-271.180161812398
-271.180665870275
-271.148997006626
-271.177514926683
-271.172686405986
-271.152655508289
-271.18244727896
-271.164371624938
-271.1649305503
-271.185166409956
-271.184292229427
-271.192056949945
-271.176652096661
-271.197271475013
-271.187977454175
-271.176256288389
-271.166500877038
-271.178327217087
-271.182022093385
-271.188926593369
-271.182660403999
-271.18831389872
-271.191982638331
-271.173148931779
-271.170928616658
-271.181664381919
-271.172469353288
-271.183807953919
-271.170517546407
-271.187937788847
-271.174360657323
-271.175952378763
-271.162196023288
-271.177985649282
-271.187134297742
-271.183843686819
-271.189479020533
-271.173087862574
-271.162993331145
-271.169577636142
-271.173979827327
-271.153692634689
-271.174365557748
-271.173989471333
-271.161755101799
-271.164805109569
-271.18291662873
-271.16936087045
-271.185823879739
-271.186217324628
-271.185004656259
-271.192663374591
-271.193530959058
-271.180461729338
-271.189901819196
-271.165369792585
-271.173242764592
-271.188053152113
-271.180843700963
-271.178760529609
-271.17797253162
-271.155228882586
-271.184490551641
-271.195334008188
-271.187282957217
-271.181120337409
-271.185813647463
-271.162348180082
-271.173949747648
-271.178102018908
-271.161352079934
-271.183126154162
-271.164815611558
-271.159130451962
-271.180997114078
-271.175062990772
-271.191722950206
-271.157800372624
-271.179617082008
-271.191276473355
-271.177993762803
-271.17308114043
-271.177687677535
-271.17561185224
-271.183803397016
-271.187881865759
-271.171573895953
-271.160433746961
-271.183848479706
-271.169362426017
-271.184636875947
-271.180681581288
-271.182280131373
-271.174774922689
-271.189664234235
-271.180012588444
-271.186910255077
-271.183021363285
-271.184782107787
-271.177889105873
-271.177061848291
-271.174682071615
-271.1755939531
-271.180357721331
-271.178051853829
-271.174679269592
-271.17570395703
-271.178302723216
-271.191801324417
-271.178961143353
-271.173545797279
-271.186032043586
-271.176360751616
-271.17991782476
-271.181409114825
-271.176271818991
-271.162852359864
-271.171159301452
-271.185437764104
-271.188303902793
-271.181943969712
-271.17091872308
-271.18024415897
-271.185136515242
-271.182293577939
-271.170739698954
-271.170061174387
-271.168370391343
-271.181452882717
-271.176376487969
-271.188865077868
-271.17866008077
-271.170012342909
-271.18399213365
-271.182213735523
-271.174872283182
-271.17375919013
-271.19066512031
-271.177307965827
-271.174294929726
-271.171374879939
-271.173284898729
-271.174439188312
-271.163006593512
-271.179107653993
-271.182256003165
-271.168132973642
-271.180974851814
-271.18580757308
-271.168736361855
-271.175261139804
-271.177550644114
-271.182213831701
-271.188741157159
-271.190813823491
-271.180148674315
-271.191168768912
-271.170228194901
-271.176886262147
-271.178800754922
-271.173589462293
-271.164712228716
-271.1763830623
-271.176369475315
-271.168951503548
-271.188591370308
-271.179785683107
-271.177142602182
-271.179051066473
-271.18520848406
-271.181546456873
-271.17543853972
-271.161450664074
-271.182504585967
-271.173509806165
-271.174471424122
-271.188068324201
-271.165917756109
-271.177774960152
-271.185575319705
-271.17719716714
-271.167221963439
-271.172959363458
-271.168213855225
-271.173122241592
-271.17728514431
-271.188356115597
-271.171111183249
-271.182487839526
-271.187118688761
-271.167607729834
-271.185809864868
-271.171435910145
-271.173201954832
-271.160811595928
-271.18152443603
-271.181073002947
-271.173723082619
-271.186227761124
-271.176788830843
-271.186266016752
-271.17646649726
-271.183842262203
-271.179935969749
-271.176783647945
-271.17548447499
-271.186827463125
-271.183672859873
-271.179412615687
-271.172071607712
-271.176641058743
-271.186476678067
-271.192914656429
-271.181344370126
-271.183429080895
-271.164641673146
-271.183294226825
-271.184162024823
-271.152861480782
-271.169045671598
-271.170596741049
-271.167484423618
-271.184780221175
-271.18334131273
-271.177524464511
-271.191888140045
-271.179079750944
-271.181771021029
-271.167551455122
-271.17582345774
-271.179532226069
-271.158886011928
-271.159610511371
-271.180333472438
-271.178684054337
-271.183915305731
-271.176132808176
-271.179627321384
-271.182552935869
-271.187078394896
-271.186422946427
-271.181782233979
-271.171724898228
-271.173467549891
-271.174130742427
-271.176638010032
-271.184974541461
-271.170988284876
-271.172040946289
-271.179472087677
-271.169478928568
-271.173641174399
-271.187378271881
-271.173798685607
-271.16835968982
-271.173223376573
-271.171306153849
-271.170783683692
-271.190035598631
-271.181201896494
-271.168431010687
-271.164352259419
-271.187238302532
-271.182986968629
-271.17579687936
-271.172508214564
-271.167661270034
-271.185026789604
-271.175669832605
-271.177970164485
-271.163172282229
-271.18979019125
-271.177259801753
-271.193722333949
-271.183319551202
-271.171172558764
-271.188772379492
-271.187564424545
-271.174260289393
-271.187908208964
-271.174739071427
-271.17138367539
-271.176461676567
-271.167576985955
-271.156928472551
-271.178717506767
-271.187027300163
-271.187436276687
-271.184725463268
-271.17296446024
-271.182916641973
-271.170203616374
-271.185293814092
-271.167973143317
-271.189193697115
-271.185748893299
-271.169054238308
-271.169345170001
-271.178699999037
-271.184612651542
-271.165609820069
-271.188297538372
-271.175556212518
-271.191116933479
-271.178444110135
-271.163355774744
-271.171885670533
-271.187429798036
-271.175984248316
-271.177056481374
-271.175625372494
-271.184754198917
-271.169915504915
-271.188162672118
-271.172596591595
-271.182436249095
-271.166195080589
-271.176105775503
-271.175071445919
-271.166191888848
-271.169925479396
-271.187473070234
-271.178475580314
-271.18473989497
-271.179232244554
-271.171449541794
-271.184422228149
-271.180924482686
-271.168056705879
-271.176501666019
-271.192369284654
-271.194328506267
-271.174499465235
-271.186612058814
-271.168455386357
-271.179702763515
-271.169117958001
-271.185827856673
-271.170993881454
-271.18142959994
-271.173260744885
-271.179153873661
-271.18002393741
-271.169036487378
-271.180953129432
-271.184160648707
-271.178549224979
-271.190389833338
-271.186497611378
-271.182328130783
-271.186537691285
-271.182326202043
-271.174688086208
-271.174406326927
-271.185571110223
-271.172332114847
-271.188634098088
-271.190172836866
-271.176983136594
-271.186998742675
-271.184615011637
-271.179466927852
-271.178970628232
-271.180228450261
-271.16613716698
-271.175490489115
-271.182040450923
-271.15801599301
-271.170607469352
-271.182526111656
-271.171184450215
-271.180190365576
-271.182269583068
-271.152017062916
-271.188978011889
-271.167238220148
-271.178868136639
-271.168617618462
-271.155810333494
-271.183887851737
-271.187171090589
-271.192026632438
-271.171244105705
-271.174728437517
-271.18286952369
-271.191340818165
-271.164585376469
-271.171525471931
-271.182537918335
-271.159898160612
-271.173303342921
-271.179600383203
-271.190755351629
-271.178340189527
-271.160006050627
-271.166610158248
-271.177471635348
-271.174656851458
-271.181368284363
-271.160625517085
-271.162467366731
-271.176776808571
-271.178828122715
-271.174130230345
-271.178184896846
-271.162613736737
-271.177148676648
-271.184814287448
-271.183991779975
-271.172205048425
-271.186863715049
-271.18130836357
-271.188455832141
-271.175892653424
-271.179119204404
-271.185547198211
-271.172465246679
-271.171619431958
-271.179223811944
-271.170030129295
-271.174119680695
-271.186067435005
-271.177472434917
-271.192829624064
-271.182225168938
-271.170756038383
-271.174501575607
-271.194168451096
-271.183876212717
-271.176049490974
-271.177919830936
-271.163623935716
-271.170741287349
-271.184319910071
-271.180087261898
-271.177129209299
-271.177212909172
-271.156792720795
-271.182679038552
-271.177074345859
-271.186123566368
-271.178160676235
-271.169304151255
-271.189942548388
-271.185527428805
-271.176706137579
-271.192008182181
-271.186514444931
-271.179516635725
-271.174365557748
-271.170967878643
-271.182349585973
-271.176568436315
-271.169076611707
-271.188165990364
-271.169289728811
-271.185940406021
-271.1628078937
-271.176889668787
-271.170851828952
-271.186532043065
-271.178245252553
-271.186717697548
-271.185088901673
-271.18242922772
-271.179024439503
-271.163838812036
-271.182856704571
-271.157765443825
-271.176685090385
-271.184864203065
-271.159094375776
-271.181162411256
-271.191990009013
-271.171344597594
-271.179855399749
-271.184637946716
-271.182765764288
-271.177354719869
-271.181238221616
-271.159625997058
-271.176270901428
-271.154868495886
-271.177080847925
-271.174806714353
-271.161974767822
-271.179452681607
-271.192062542157
-271.176107349642
-271.182493986809
-271.183195967348
-271.171355339803
-271.18020798259
-271.168612093764
-271.167618995336
-271.179240801278
-271.16862031964
-271.183066380003
-271.175521428826
-271.185357586
-271.176571260618
-271.173717627826
-271.186934347099
-271.185530244006
-271.187273391124
-271.178243981489
-271.174948016363
-271.168133152561
-271.188118112119
-271.160532652434
-271.171562895898
-271.179250878761
-271.184821239471
-271.154399516655
-271.171824720088
-271.179534623541
-271.184650605635
-271.16424987493
-271.187397722264
-271.184057523222
-271.173431483525
-271.165578132768
-271.174638375965
-271.161080095059
-271.194413744273
-271.182803974102
-271.177475503652
-271.182085946093
-271.178961506523
-271.183704891793
-271.177578520163
-271.167922707613
-271.179804262677
-271.174484101953
-271.183756134454
-271.175296982176
-271.179350584319
-271.183438512881
-271.178224601989
-271.181566456137
-271.172007930304
-271.173674803709
-271.1765949756
-271.180710516368
-271.191113645928
-271.176222036962
-271.178337052775
-271.186736939055
-271.169839623571
-271.17417078558
-271.183643646203
-271.188272513635
-271.185409242459
-271.188363331882
-271.191757387209
-271.174220954601
-271.171038684808
-271.192198479537
-271.171003852321
-271.180005536184
-271.181431434511
-271.175008622847
-271.160829070218
-271.188297616102
-271.184053244998
-271.167951477331
-271.186714138182
-271.182392344937
-271.177186163077
-271.171510378462
-271.172762571127
-271.163019239455
-271.179206451635
-271.168431857205
-271.193989551642
-271.179171830483
-271.178277410238
-271.182400921328
-271.184261032945
-271.186481237103
-271.191837692251
-271.178406780861
-271.161848576192
-271.172689709372
-271.175402657302
-271.186055585283
-271.177464479085
-271.16817145444
-271.167938995976
-271.169765561137
-271.179005646128
-271.184311079281
-271.182824595939
-271.16286260592
-271.182409440855
-271.189000189713
-271.171628985513
-271.175904974856
-271.1769357968
-271.175381540236
-271.185223527808
-271.176521972857
-271.186932296074
-271.181066992007
-271.188252031285
-271.165069331034
-271.183863893052
-271.171403106923
-271.181414063279
-271.181248293207
-271.188816142381
-271.173604184353
-271.18978837468
-271.160207757127
-271.17766865019
-271.171270858566
-271.180426742268
-271.176120244051
-271.192590393055
-271.168885674689
-271.173778782937
-271.161238020624
-271.185974929105
-271.186317009508
-271.182440253706
-271.179946825297
-271.167938551001
-271.174385156481
-271.177179208898
-271.169840527866
-271.176638988328
-271.170321452842
-271.179389164649
-271.180664414231
-271.179933919561
-271.185066319142
-271.172772354699
-271.183990631358
-271.185281392432
-271.179586154491
-271.160677751176
-271.181476682528
-271.172635643139
-271.172748425401
-271.171260580397
-271.188671437129
-271.171119142402
-271.191407363404
-271.185544070516
-271.178913283238
-271.16812677028
-271.166880516066
-271.17952069757
-271.185767578326
-271.170916196939
-271.176819336211
-271.174928074141
-271.175743690631
-271.173472838573
-271.172970300103
-271.177665879936
-271.189788638881
-271.173359294574
-271.172939328787
-271.181649271495
-271.186820561607
-271.181125954943
-271.181007392194
-271.193547954233
-271.187024650397
-271.189635337721
-271.179919191312
-271.161436874693
-271.176234554203
-271.188796044727
-271.180696408716
-271.160359019662
-271.176038545248
-271.187888713807
-271.188646765894
-271.179694246249
-271.183161437835
-271.178541020167
-271.167285188526
-271.182334325488
-271.18616449855
-271.175072925519
-271.166872003736
-271.185536527964
-271.168185765499
-271.16970963489
-271.162425821564
-271.175266664187
-271.185721437818
-271.153431407161
-271.17341012848
-271.174100101853
-271.180000437463
-271.180470694652
-271.184542253791
-271.181797915737
-271.192015509988
-271.173006571875
-271.187559658147
-271.165841149781
-271.188460218465
-271.174254561014
-271.180572266118
-271.189012226959
-271.183843918619
-271.173510818664
-271.176454166842
-271.184038321306
-271.181930798867
