-76.32939242
-76.32961803
-76.33153563
-76.33092882
-76.33135766
-76.33168375
-76.33157396
-76.33169515
-76.32971936
-76.32637452
-76.3300284
-76.32981944
-76.33138498
-76.32918803
-76.33175475
-76.33155375
-76.32747644
-76.32970737
-76.32798357
-76.33054521
-76.3317793
-76.33131586
-76.33085261
-76.33102153
-76.329498
-76.33075706
-76.33129313
-76.33168969
-76.33085629
-76.3313359
-76.33170112
-76.32746585
-76.3300581
-76.3305341
-76.33038999
-76.33151396
-76.33024089
-76.33098497
-76.33084357
-76.33007513
-76.33114916
-76.3293713
-76.33159071
-76.32905668
-76.32986851
-76.32853539
-76.33026317
-76.33111348
-76.33061493
-76.3303826
-76.33077911
-76.32674184
-76.3289773
-76.33142866
-76.32916796
-76.33018008
-76.33081079
-76.3313203
-76.32860202
-76.33082795
-76.33042684
-76.32877235
-76.33119657
-76.33106413
-76.32783265
-76.33029846
-76.33064015
-76.33138651
-76.33150857
-76.33107422
-76.33178982
-76.33132207
-76.33095824
-76.3297185
-76.33087415
-76.33178199
-76.32705446
-76.3313953
-76.33097716
-76.3300283
-76.32939627
-76.32979239
-76.33058428
-76.32329537
-76.32822952
-76.32745737
-76.32828684
-76.32730376
-76.32543994
-76.329827
-76.3313867
-76.32755098
-76.33133863
-76.3302807
-76.33116267
-76.33146252
-76.33155709
-76.33148202
-76.32872875
-76.3310273
-76.32782409
-76.32581725
-76.32338203
-76.32834491
-76.33193476
-76.32713637
-76.33043166
-76.33127744
-76.3302704
-76.3313739
-76.32817352
-76.33018704
-76.32993935
-76.33124584
-76.33128972
-76.33121638
-76.3304573
-76.33105572
-76.33096765
-76.32962151
-76.33022628
-76.33151471
-76.33159678
-76.33094732
-76.33186926
-76.33097833
-76.33187719
-76.33176639
-76.33043653
-76.33136191
-76.33041952
-76.3295077
-76.3315311
-76.33024025
-76.33164921
-76.33051825
-76.33136937
-76.33034638
-76.32854533
-76.33053262
-76.33037357
-76.33088975
-76.3313247
-76.33000527
-76.33008069
-76.33023128
-76.33113108
-76.32910974
-76.33129297
-76.33077966
-76.32830447
-76.33087519
-76.32886488
-76.33020286
-76.3299161
-76.3285548
-76.33122957
-76.33089004
-76.3305753
-76.32877211
-76.32966908
-76.32922179
-76.32987045
-76.32994004
-76.32803504
-76.32950546
-76.32900009
-76.32980497
-76.33125319
-76.32994887
-76.33119462
-76.33084208
-76.32765877
-76.33144197
-76.32808954
-76.33059252
-76.33062036
-76.32997235
-76.33101112
-76.3286858
-76.33089453
-76.33048416
-76.32648585
-76.3305397
-76.32994495
-76.33089201
-76.33077194
-76.33084651
-76.32928154
-76.32897382
-76.33142298
-76.32784861
-76.32906728
-76.3308896
-76.32998919
-76.33037917
-76.3300088
-76.32900983
-76.32626741
-76.33048355
-76.33178277
-76.32923076
-76.33092112
-76.33104381
-76.33107953
-76.33189788
-76.32905965
-76.33174269
-76.32786339
-76.33110342
-76.33163137
-76.33067615
-76.32874493
-76.33062731
-76.32935676
-76.33113166
-76.32592946
-76.32943172
-76.33129045
-76.32881018
-76.33110594
-76.33116909
-76.3305563
-76.33166085
-76.32919637
-76.32994799
-76.33019211
-76.32549815
-76.32692059
-76.32904881
-76.32972662
-76.33010339
-76.32914544
-76.3318746
-76.33117853
-76.3274118
-76.33131754
-76.33124767
-76.32982579
-76.3316124
-76.33160686
-76.33113814
-76.32987004
-76.32906102
-76.33128626
-76.3302458
-76.33147931
-76.33139285
-76.33186801
-76.33067683
-76.33145757
-76.33180111
-76.33105704
-76.33132462
-76.32895073
-76.33155954
-76.33184462
-76.32716407
-76.3308603
-76.32746612
-76.32217161
-76.32853795
-76.32865483
-76.33163133
-76.33056469
-76.33026727
-76.3308234
-76.33010402
-76.32736615
-76.33155521
-76.32880802
-76.33154068
-76.33138787
-76.3233196
-76.33015879
-76.33016981
-76.33190599
-76.33132814
-76.32754507
-76.32846858
-76.32752819
-76.33157326
-76.33184131
-76.32909447
-76.33140724
-76.33118533
-76.33139193
-76.33004115
-76.33167679
-76.33072579
-76.33134189
-76.32993266
-76.33164508
-76.33043138
-76.33101608
-76.33057525
-76.33175636
-76.32947891
-76.33000268
-76.32871234
-76.33116942
-76.3298586
-76.33075655
-76.32909743
-76.32510445
-76.33012619
-76.33146713
-76.32690768
-76.33038341
-76.33144105
-76.32942934
-76.32821107
-76.33046705
-76.3300839
-76.32998752
-76.3318431
-76.33133045
-76.33050404
-76.32721471
-76.32932097
-76.3310078
-76.33126052
-76.32972158
-76.33069516
-76.33050048
-76.32662575
-76.32914208
-76.32924628
-76.33072691
-76.33095199
-76.32959211
-76.3308698
-76.33098408
-76.32880611
-76.3296392
-76.33071507
-76.32760374
-76.33043886
-76.33133737
-76.3308938
-76.33143043
-76.33133685
-76.33110539
-76.33160649
-76.32918156
-76.33152882
-76.32829395
-76.3304469
-76.33114682
-76.3306835
-76.33142906
-76.33036142
-76.33111712
-76.33138794
-76.33166426
-76.33175766
-76.32962155
-76.33156833
-76.33081514
-76.33006155
-76.33143465
-76.32913083
-76.3298703
-76.33055485
-76.32234614
-76.32723918
-76.32726832
-76.33074738
-76.33101385
-76.32898122
-76.33148641
-76.33023783
-76.33138779
-76.32839727
-76.33179906
-76.33039235
-76.33027084
-76.33090872
-76.33004785
-76.33059922
-76.32742839
-76.33164605
-76.33035824
-76.33033803
-76.33010017
-76.32808823
-76.33111729
-76.32904587
-76.32997231
-76.3248121
-76.32646593
-76.32861751
-76.32378374
-76.33044536
-76.33156185
-76.32882834
-76.3315178
-76.33096462
-76.33104086
-76.3308631
-76.3317993
-76.33056603
-76.33041108
-76.3273149
-76.32926493
-76.33028864
-76.32845194
-76.33049822
-76.32889788
-76.32830965
-76.33164722
-76.32948569
-76.32939405
-76.33105504
-76.32919489
-76.33174885
-76.33104099
-76.33169982
-76.33080013
-76.33095336
-76.33015637
-76.33132114
-76.33082767
-76.33128787
-76.33041332
-76.33065879
-76.33001088
-76.33033519
-76.33149624
-76.33100092
-76.33181479
-76.33025296
-76.3313102
-76.32959304
-76.33165137
-76.32916441
-76.32872763
-76.32956274
-76.33038636
-76.33104612
-76.32947566
-76.33100884
-76.32953706
-76.32701299
-76.32883358
-76.32877517
-76.33023968
-76.33118719
-76.32989127
-76.3302767
-76.33124856
-76.33090006
-76.3310343
-76.33188714
-76.33087701
-76.33168173
-76.33159502
-76.33153642
-76.32778757
-76.33091089
-76.32946912
-76.33132875
-76.33070921
-76.32945378
-76.33072901
-76.33021995
-76.33131068
-76.3236146
-76.32866851
-76.32680487
-76.32906061
-76.33030038
-76.33045446
-76.3316971
-76.33139713
-76.32837858
-76.33152698
-76.33073246
-76.32908481
-76.33032339
-76.33088393
-76.32921745
-76.32915987
-76.33096472
-76.32966202
-76.32795183
-76.3309348
-76.3309882
-76.33042331
-76.33170472
-76.33187718
-76.33051864
-76.3283898
-76.32577563
-76.32901018
-76.33068431
-76.33037566
-76.33178208
-76.33001898
-76.33075582
-76.33029141
-76.33107632
-76.32990957
-76.33107506
-76.33189253
-76.33118074
-76.33123633
-76.33017387
-76.33130744
-76.33061091
-76.32575261
-76.32716712
-76.32941474
-76.32855768
-76.33108581
-76.32998353
-76.33059087
-76.32986644
-76.33113418
-76.3318203
-76.33093417
-76.33071591
-76.33132544
-76.32943562
-76.33092908
-76.33035763
-76.32838752
-76.33061812
-76.33046149
-76.33041544
-76.32890305
-76.33047345
-76.32735173
-76.33041857
-76.32985211
-76.32873256
-76.33137311
-76.33021711
-76.33101697
-76.33188239
-76.32860076
-76.33125923
-76.33166445
-76.33163613
-76.33175211
-76.33136496
-76.33161141
-76.32970076
-76.33104797
-76.33040708
-76.33126165
-76.33079338
-76.33133736
-76.33152699
-76.32942809
-76.33133814
-76.33009036
-76.33151898
-76.33107564
-76.32846874
-76.32952845
-76.32817478
-76.33141828
-76.33006651
-76.33070324
-76.32984147
-76.32246797
-76.33085349
-76.33075359
-76.32810475
-76.32885042
-76.32983382
-76.33176357
-76.33102366
-76.33047354
-76.3306525
-76.32922399
-76.33055508
-76.33050061
-76.3294832
-76.32909014
-76.33174973
-76.32947523
-76.33146539
-76.33149945
-76.33051426
-76.33170524
-76.33145805
-76.33125425
-76.32823348
-76.32882532
-76.32837286
-76.33133568
-76.3319352
-76.32986668
-76.33115277
-76.32816685
-76.33163907
-76.32869229
-76.33185514
-76.33102445
-76.33037833
-76.33140501
-76.33076265
-76.33102123
-76.32928885
-76.33124106
-76.33083169
-76.3313476
-76.33101541
-76.33160916
-76.329355
-76.33150867
-76.32931087
-76.33112675
-76.329528
-76.33141607
-76.32753088
-76.33063855
-76.32941495
-76.3293829
-76.32911801
-76.33038621
-76.33043765
-76.33112434
-76.33069844
-76.33010272
-76.33093824
-76.3306654
-76.32944642
-76.33128722
-76.32967221
-76.32699969
-76.33037959
-76.32926825
-76.33035082
-76.33150822
-76.33017195
-76.33121619
-76.32923127
-76.33081017
-76.33055666
-76.32729155
-76.33104776
-76.32393112
-76.33157453
-76.33164339
-76.32859537
-76.32942006
-76.32785252
-76.32843956
-76.32733872
-76.33111715
-76.33041154
-76.3287311
-76.33150716
-76.33104369
-76.33071944
-76.33122495
-76.33103871
-76.32971012
-76.33145445
-76.33153806
-76.32951183
-76.33048274
-76.32811693
-76.33073273
-76.32977889
-76.33141893
-76.33118992
-76.33120413
-76.32729455
-76.32724385
-76.32827899
-76.33103729
-76.3297082
-76.33015169
-76.33180224
-76.327863
-76.3302373
-76.32975354
-76.33126952
-76.32877328
-76.32951429
-76.32920357
-76.32883881
-76.33063978
-76.33126927
-76.32928494
-76.33088128
-76.32641297
-76.33006797
-76.32950403
-76.32981922
-76.33109965
-76.33029387
-76.331517
-76.33092119
-76.32660357
-76.33071584
-76.33126821
-76.33161736
-76.33091683
-76.33081065
-76.3314197
-76.33024918
-76.33044164
-76.33040385
-76.32832511
-76.33058072
-76.33181652
-76.32654091
-76.33018308
-76.32890136
-76.32814926
-76.32524603
-76.3279017
-76.33027057
-76.33081217
-76.33114074
-76.33053463
-76.32945589
-76.32929629
-76.33091762
-76.32848912
-76.32742298
-76.33022432
-76.33015096
-76.33117996
-76.33161843
-76.33089412
-76.32965142
-76.32582804
-76.33074467
-76.32770073
-76.32863469
-76.33065161
-76.3288572
-76.33074009
-76.3272367
-76.33038169
-76.33182329
-76.32749621
-76.33003332
-76.32983994
-76.32796129
-76.33108158
-76.33074973
-76.33060289
-76.32829957
-76.33004457
-76.32867951
-76.32512582
-76.3297623
-76.33138063
-76.33021394
-76.33082797
-76.33152614
-76.33029062
-76.33117861
-76.32892983
-76.33104585
-76.33167148
-76.33179441
-76.33015221
-76.33129387
-76.33084636
-76.33081708
-76.33099208
-76.33047483
-76.3287075
-76.33129149
-76.32910196
-76.33135398
-76.32990234
-76.32989391
-76.33141194
-76.33170457
-76.33069846
-76.32972235
-76.32614357
-76.32879482
-76.3283629
-76.33142773
-76.32865391
-76.33013535
-76.33149916
-76.32560597
-76.32859396
-76.32514849
-76.32951628
-76.32816738
-76.32342618
-76.32993885
-76.33091484
-76.33068307
-76.33133182
-76.32677044
-76.33079993
-76.33076305
-76.33186143
-76.32873684
-76.32756144
-76.32903217
-76.32783999
-76.32377819
-76.32917881
-76.33102269
-76.32891201
-76.33143823
-76.32846195
-76.33060981
-76.33099875
-76.33132991
-76.33088338
-76.33161579
-76.32901069
-76.33051861
-76.32957917
-76.32597866
-76.33051456
-76.33132872
-76.33089007
-76.33057057
-76.32967138
-76.3299371
-76.33131687
-76.32777722
-76.32823595
-76.32576802
-76.33031531
-76.33148751
-76.327697
-76.33149408
-76.33057315
-76.33159444
-76.33132049
-76.33051516
-76.33106242
-76.33102937
-76.33137328
-76.32736414
-76.33073932
-76.33160056
-76.32827826
-76.33051962
-76.3312964
-76.33046764
-76.33050667
-76.33026805
-76.32672875
-76.33069351
-76.329527
-76.32897686
-76.33055864
-76.32766611
-76.33132674
-76.33151018
-76.33051446
-76.33155196
-76.33068694
-76.33128084
-76.33088663
-76.32938967
-76.3317627
-76.33152393
-76.33161459
-76.33083999
-76.33189243
-76.3307102
-76.32887115
-76.33098457
-76.32928286
-76.32818381
-76.32929878
-76.32853808
-76.3311386
-76.331592
-76.33056478
-76.33025126
-76.33106277
-76.33052399
-76.33005634
-76.32707925
-76.3299249
-76.33006475
-76.33087155
-76.33073594
-76.32916229
-76.33136673
-76.32885933
-76.3298768
-76.32991003
-76.32688259
-76.3304834
-76.33073518
-76.33034952
-76.33131289
-76.33123821
-76.33031832
-76.33169347
-76.33169926
-76.33031799
-76.3305758
-76.32816622
-76.329874
-76.32659617
-76.33147861
-76.32759027
-76.32895462
-76.33136899
-76.32961224
-76.33119146
-76.32975107
-76.32812566
-76.33139266
-76.32841532
-76.33060829
-76.33154334
-76.32875061
-76.33005339
-76.32739543
-76.33118918
-76.33055468
-76.33049227
-76.3312748
-76.32783654
-76.33062453
-76.33151825
-76.32681197
-76.32976174
-76.33082316
-76.33045925
-76.33055708
-76.32935713
-76.3316536
-76.33038857
-76.33125819
-76.33168774
-76.33062082
-76.33021001
-76.33066264
-76.32584675
-76.32781188
-76.32906971
-76.32812747
-76.32899104
-76.33127451
-76.33061616
-76.32931634
-76.33108959
-76.33089018
-76.33110922
-76.32779107
-76.32926807
-76.33107664
-76.32790924
-76.33058079
-76.33102264
-76.32670975
-76.33116667
-76.33118307
-76.32273981
-76.330875
-76.3278926
-76.33058641
-76.33088077
-76.3305997
-76.33130525
-76.32970484
-76.33180418
-76.33000754
-76.32926136
-76.32518229
-76.33062583
-76.33129688
-76.33164128
-76.33120149
-76.33126391
-76.33080318
-76.33179262
-76.33118871
-76.32985183
-76.33107196
-76.33088309
-76.32899234
-76.33005569
-76.3290138
-76.32971042
-76.33036894
-76.32976093
-76.33133201
-76.3317687
-76.3307528
-76.33010662
-76.3306351
-76.33029309
-76.3315277
-76.32779238
-76.33119111